col0 col1
360.0 2.261712757389863e-05
361.0 3.775019333656148e-05
362.0 5.5954396416877216e-05
363.0 9.144544492882129e-05
364.0 0.0001739695868704516
365.0 0.0004089208851496976
366.0 0.001173050266066787
367.0 0.004669064412386531
368.0 0.02716445352774401
369.0 0.1342381243095542
370.0 0.2662408204539985
371.0 0.2816377351992621
372.0 0.30207715407656544
373.0 0.32460916808821183
374.0 0.3273699049613256
375.0 0.3287478493472717
376.0 0.33725771680958444
377.0 0.35279145071962675
378.0 0.3586245911453719
379.0 0.3575931581602831
380.0 0.36202161329087473
381.0 0.37636937891195793
382.0 0.39175023688033533
383.0 0.38705966777486434
384.0 0.29535697731555377
385.0 0.13180404187736397
386.0 0.036787412480474194
387.0 0.009905859640591227
388.0 0.0032429304871198204
389.0 0.00129226959388097
390.0 0.0005802295266489728
391.0 0.000292238417672415
392.0 0.00016098280049327008
393.0 9.475182641234528e-05
394.0 5.8620294630267094e-05
395.0 3.898864884797611e-05
396.0 2.6511158411635017e-05
397.0 1.901374667026629e-05
398.0 1.5710040102025772e-05
399.0 1.2460036972137145e-05
