col0 col1
410.0 7.750066199015963e-05
411.0 0.00012794813348904598
412.0 0.00023141734197837648
413.0 0.0004518480786024264
414.0 0.0010298119175289212
415.0 0.002607817879752652
416.0 0.0074132098803515395
417.0 0.024794567460451212
418.0 0.08908980181643791
419.0 0.2808799598684448
420.0 0.5183543573166861
421.0 0.5946877064918064
422.0 0.5981209014389672
423.0 0.5997485695089045
424.0 0.6018284978270192
425.0 0.6053174004484402
426.0 0.6107714649748202
427.0 0.6135399531090385
428.0 0.613429717860922
429.0 0.6143261313696965
430.0 0.6134534256610508
431.0 0.6096442860934793
432.0 0.6081521689861401
433.0 0.6080745967416716
434.0 0.6141841027081726
435.0 0.6230143104128514
436.0 0.628489666088298
437.0 0.6129690685450627
438.0 0.5334694217209901
439.0 0.3508799621400502
440.0 0.16567587314243584
441.0 0.06490839811405329
442.0 0.02420891382095053
443.0 0.009689745419449286
444.0 0.004240436508906901
445.0 0.002075900761541548
446.0 0.0010729593547440471
447.0 0.0006107312286951925
448.0 0.00037015107848848165
449.0 0.00023334173027623686
450.0 0.00014874132989716192
451.0 9.651654845038845e-05
452.0 6.22847546555639e-05
453.0 4.25165484292871e-05
454.0 3.47108672837132e-05
