col0 col1
740.0 5.5833067617427295e-05
741.0 5.861743297315715e-05
742.0 6.340126049082994e-05
743.0 6.782037363346073e-05
744.0 7.232119562160987e-05
745.0 7.907028646953887e-05
746.0 8.59469242234608e-05
747.0 9.176609548649577e-05
748.0 9.829944715544425e-05
749.0 0.00010617865561476872
750.0 0.00011518937480306474
751.0 0.00012522890236718148
752.0 0.00013475924710444615
753.0 0.00014593998254052015
754.0 0.00015867044387819318
755.0 0.00017343198878572958
756.0 0.00018878238740891026
757.0 0.00020491340834899593
758.0 0.00022313189205432987
759.0 0.000244408205992702
760.0 0.00012300920338305447
761.0 0.00010157785584647318
762.0 0.00025076011223638527
763.0 0.0002078172059612336
764.0 0.00023870025228124082
765.0 0.00035015224107123237
766.0 0.0004010897129960917
767.0 0.00048216870760433813
768.0 0.0005734331550549254
769.0 0.0006710988619295742
770.0 0.0007615581784137343
771.0 0.0008619669390213861
772.0 0.0009649238190317619
773.0 0.0010797968483294332
774.0 0.0012102132961937042
775.0 0.0013593470555439827
776.0 0.0015260202979481513
777.0 0.0017125994940589582
778.0 0.0019229673885252864
779.0 0.0021604351800753267
780.0 0.0024273889693121227
781.0 0.002733164809540221
782.0 0.003087697350907675
783.0 0.003497114285890952
784.0 0.003973447021321942
785.0 0.004520877697499798
786.0 0.0051485780743347155
787.0 0.0058681322177905415
788.0 0.006705136972664642
789.0 0.007670634825545057
790.0 0.008788720402795491
791.0 0.010072026980958427
792.0 0.01154328028373689
793.0 0.013162462103631511
794.0 0.015096744786590881
795.0 0.01729219996545941
796.0 0.019632535484860096
797.0 0.02235649204570406
798.0 0.025428790375813807
799.0 0.028907532331636867
800.0 0.03279389572152577
801.0 0.037196152086372544
802.0 0.04215946034400111
803.0 0.04750695693612708
804.0 0.053605477295508124
805.0 0.06039922753779834
806.0 0.06794037354565267
807.0 0.07622170503853802
808.0 0.08511070312597713
809.0 0.09478466542977074
810.0 0.10466981513365889
811.0 0.11563043459649866
812.0 0.12756998830593194
813.0 0.1398575408380799
814.0 0.15078546835838508
815.0 0.1628142768545827
816.0 0.17569596370913337
817.0 0.18734554062598674
818.0 0.1982146761827614
819.0 0.2191891552421677
820.0 0.232723525996895
821.0 0.25559959946935795
822.0 0.26866271369232253
823.0 0.2656453156500456
824.0 0.2997822295088798
825.0 0.31837273581982084
826.0 0.3290978021377728
827.0 0.3494440572795604
828.0 0.35370321945774313
829.0 0.36733182989486685
830.0 0.3908914658569209
831.0 0.4053814383275683
832.0 0.4144814407747409
833.0 0.43432698692812255
834.0 0.4440007616824836
835.0 0.4609444220327483
836.0 0.470666775744763
837.0 0.482203574264312
838.0 0.4920953604248551
839.0 0.5025475201325549
840.0 0.5115441082190723
841.0 0.5192713432912203
842.0 0.5275434409081133
843.0 0.5353341175257694
844.0 0.5420576234586427
845.0 0.5490324874813095
846.0 0.5547141685117839
847.0 0.5601861089120657
848.0 0.5648314081947252
849.0 0.569561212785651
850.0 0.5746903068260851
851.0 0.5792310160167677
852.0 0.5829691991699516
853.0 0.5859416848308903
854.0 0.5881593948704761
855.0 0.5905129302526427
856.0 0.5921280851420762
857.0 0.5936568847872339
858.0 0.5947266652108789
859.0 0.595537304780783
860.0 0.5960733676443346
861.0 0.5964477561645715
862.0 0.5962801419540819
863.0 0.5956691264519647
864.0 0.5950990735292322
865.0 0.5942767416604633
866.0 0.5932280023655149
867.0 0.5923338597605406
868.0 0.5913912343716466
869.0 0.590011082238462
870.0 0.588528189489835
871.0 0.5870457982420765
872.0 0.5855434263700339
873.0 0.5837396727707591
874.0 0.581769012468719
875.0 0.5799201500498486
876.0 0.5778197269473145
877.0 0.5759090166755165
878.0 0.5709319711050583
879.0 0.5659109718942353
880.0 0.5610968346119476
881.0 0.5566427219276683
882.0 0.5534587900002703
883.0 0.5505675870082748
884.0 0.5491507119188788
885.0 0.545474595512674
886.0 0.5418448038073292
887.0 0.5405590704354514
888.0 0.5386334267719438
889.0 0.5332790539803562
890.0 0.5297520398053086
891.0 0.527405810577488
892.0 0.5243529532987121
893.0 0.5192586376417334
894.0 0.515509382137842
895.0 0.5075461379114441
896.0 0.49658775327753446
897.0 0.48633431927892556
898.0 0.4841588133043763
899.0 0.45484403393042805
900.0 0.4892905632263436
901.0 0.4695061919056927
902.0 0.47594823011819637
903.0 0.46655780178573336
904.0 0.4821202134868312
905.0 0.47862178502719854
906.0 0.46982843312671135
907.0 0.45614035708316897
908.0 0.4521666973476155
909.0 0.4426220143089471
910.0 0.4491865598072667
911.0 0.44696104038352436
912.0 0.43515142843227045
913.0 0.4380388406680732
914.0 0.41795753099404803
915.0 0.435492009142762
916.0 0.4184566224075659
917.0 0.4290413479616454
918.0 0.4174441377480696
919.0 0.4272729046214102
920.0 0.41480838083236
921.0 0.41894045309370415
922.0 0.4117935063858928
923.0 0.41141066841800716
924.0 0.4048409681931187
925.0 0.40152811491474794
926.0 0.3991244717244932
927.0 0.3958107541088068
928.0 0.3796376709816289
929.0 0.3761628521375875
930.0 0.35894887244542906
931.0 0.32062143076218286
932.0 0.2721970975110349
933.0 0.2926852359138557
934.0 0.2753018270697052
935.0 0.288509439062879
936.0 0.25828388851139744
937.0 0.2836625150274405
938.0 0.28610317031284127
939.0 0.2951963056107151
940.0 0.3323709575998822
941.0 0.3143548982729622
942.0 0.30615230216081696
943.0 0.2619431458777706
944.0 0.2545624458797431
945.0 0.2944506501743973
946.0 0.2621020686191149
947.0 0.27397839874020996
948.0 0.2725707661649821
949.0 0.29618189137772016
950.0 0.22527107863637372
951.0 0.2950492095425489
952.0 0.2592483721612546
953.0 0.25279141512770165
954.0 0.2693980820640895
955.0 0.2624486748711339
956.0 0.2477031911713454
957.0 0.23159172912891712
958.0 0.2637154514340732
959.0 0.24776638398201278
960.0 0.24990392061758607
961.0 0.24163641294858568
962.0 0.2384082871199083
963.0 0.23964382236588624
964.0 0.23098454031305715
965.0 0.23351401310333939
966.0 0.2325136546118509
967.0 0.22524508249348613
968.0 0.23092024941409653
969.0 0.22694627799637498
970.0 0.22317681803535694
971.0 0.21886628701377595
972.0 0.21073975449656018
973.0 0.20982425792502524
974.0 0.19960781785100787
975.0 0.1985135700952259
976.0 0.19248784920182666
977.0 0.19555431830755327
978.0 0.19080049827580683
979.0 0.18796436039976497
980.0 0.18240157121057773
981.0 0.18309124482837127
982.0 0.17894940275384968
983.0 0.17452150383178644
984.0 0.17160050624153025
985.0 0.16652870788738988
986.0 0.16457447540827008
987.0 0.16088158949682968
988.0 0.1575740804836827
989.0 0.15437873088460674
990.0 0.15048666660678758
991.0 0.14718192038877068
992.0 0.14332373085215877
993.0 0.13910930046308637
994.0 0.1355193134446237
995.0 0.13162699805821482
996.0 0.1276985629569739
997.0 0.12396214155855995
998.0 0.12022449840106486
999.0 0.11652184290954469
1000.0 0.1127304994353796
1001.0 0.10908170933566176
1002.0 0.11015743834344381
1003.0 0.10720575620183943
1004.0 0.10388670619552505
1005.0 0.10071283492007539
1006.0 0.09747852937977246
1007.0 0.09423966399140019
1008.0 0.08699045801719031
1009.0 0.08481870374875662
1010.0 0.08266252320688586
1011.0 0.08057690488097109
1012.0 0.07836797761871932
1013.0 0.07624492281075938
1014.0 0.07535028315994716
1015.0 0.07497983729755636
1016.0 0.07260268942923609
1017.0 0.06973175117466379
1018.0 0.06684983975987635
1019.0 0.06391368257596597
1020.0 0.061082935305864665
1021.0 0.05829486531124089
1022.0 0.05637457394859472
1023.0 0.05446020818604384
1024.0 0.052518010711711555
1025.0 0.05067349675025113
1026.0 0.04875057272908843
1027.0 0.04684328646084299
1028.0 0.04493808112404012
1029.0 0.04349827766323069
1030.0 0.042371797855329414
1031.0 0.04079723564376498
1032.0 0.039033569783226356
1033.0 0.03726781324913219
1034.0 0.03549717091423282
1035.0 0.033731443852113005
1036.0 0.03196311149651628
1037.0 0.030191246700048805
1038.0 0.0289357427138113
1039.0 0.02780106266075416
1040.0 0.026469327553792717
1041.0 0.02511507855239868
1042.0 0.02376093856275698
1043.0 0.0224057464337933
1044.0 0.021051038265375778
1045.0 0.01969286148950309
1046.0 0.018334406610505845
1047.0 0.017953905410503238
1048.0 0.017513834671477865
1049.0 0.016543310489130176
