col0 col1
500.0 7.128995950036398e-06
501.0 7.060181818153162e-06
502.0 8.76317402047397e-06
503.0 6.920962934886075e-06
504.0 8.368825971200481e-06
505.0 7.3837161382381e-06
506.0 5.262352040144687e-06
507.0 6.481999796400515e-06
508.0 8.312962414031906e-06
509.0 6.6160148104807064e-06
510.0 7.383620193724075e-06
511.0 7.1383445998549455e-06
512.0 6.472823748738765e-06
513.0 6.5693604067207944e-06
514.0 5.851418835501565e-06
515.0 9.119464959842406e-06
516.0 7.76087265622187e-06
517.0 7.176651548240158e-06
518.0 6.4817197001335915e-06
519.0 6.788658503524673e-06
520.0 9.448795543847031e-06
521.0 8.39431387684274e-06
522.0 9.374880106470169e-06
523.0 4.16819810446465e-06
524.0 8.808712552174626e-06
525.0 9.271236972575614e-06
526.0 9.880848204361869e-06
527.0 1.1869769370735861e-05
528.0 2.2306810922080204e-05
529.0 4.473256633100268e-05
530.0 9.497139189324969e-05
531.0 0.00021397055267003223
532.0 0.0004823396479433182
533.0 0.0010411485512346115
534.0 0.002120490739045464
535.0 0.004063978172127191
536.0 0.007324546465734434
537.0 0.012187055603542702
538.0 0.019144656183265985
539.0 0.028920503210762026
540.0 0.041839724049875286
541.0 0.05730087472361453
542.0 0.07644164384189035
543.0 0.0989733110342614
544.0 0.12315555349307036
545.0 0.14976183730295423
546.0 0.17830424197034217
547.0 0.2072790272770239
548.0 0.2366501841577173
549.0 0.2640519286926569
550.0 0.29000803892369037
551.0 0.31333936202155194
552.0 0.33703857219884775
553.0 0.359648263491159
554.0 0.38365302860057043
555.0 0.40680247422902627
556.0 0.431260925724798
557.0 0.4562181363449857
558.0 0.47527533547613865
559.0 0.4902497851851988
560.0 0.5018957232347571
561.0 0.5103120912223739
562.0 0.5186185226579204
563.0 0.5272836590984338
564.0 0.5352601238361127
565.0 0.5428640936052533
566.0 0.5509938029836096
567.0 0.5577209957195935
568.0 0.5642419704173068
569.0 0.5694879288508529
570.0 0.577118075022727
571.0 0.5830191769771336
572.0 0.5876996627314791
573.0 0.5915772822213688
574.0 0.5945081569001402
575.0 0.5968344430394915
576.0 0.5991937864334251
577.0 0.6046411628189202
578.0 0.6078067611681488
579.0 0.6116864484754294
580.0 0.6143445427390473
581.0 0.618905239839198
582.0 0.6209489303800438
583.0 0.6216177262281534
584.0 0.6241437647944392
585.0 0.6259884526539746
586.0 0.6288228387009345
587.0 0.6310139572413634
588.0 0.6310589704804845
589.0 0.6311445722165496
590.0 0.6317607731555956
591.0 0.6354533283478287
592.0 0.63693120054815
593.0 0.6397845406104126
594.0 0.6413137276976671
595.0 0.6413311104633083
596.0 0.6414428813396718
597.0 0.6399435824277702
598.0 0.6401652875930147
599.0 0.6402108469895584
600.0 0.6412883256295135
601.0 0.6439803150143305
602.0 0.6463836185760929
603.0 0.6489662342389323
604.0 0.651030792936463
605.0 0.6518599704128707
606.0 0.6523425014058258
607.0 0.6545973744213587
608.0 0.654409411346054
609.0 0.6562957592799001
610.0 0.6574840783215429
611.0 0.6593246966401248
612.0 0.6603409940545882
613.0 0.6606909869549719
614.0 0.6626823258679622
615.0 0.6621772052139528
616.0 0.6620372105588105
617.0 0.6637797852049442
618.0 0.663280851084241
619.0 0.6633640769835524
620.0 0.6616602306575872
621.0 0.661277808465235
622.0 0.6607162137441795
623.0 0.6598905577089053
624.0 0.6607998709697585
625.0 0.6634447309060867
626.0 0.6621326408744305
627.0 0.6545265430719039
628.0 0.651866174952541
629.0 0.6425244543897456
630.0 0.647406847040119
631.0 0.6538348772911323
632.0 0.6548828121653882
633.0 0.6547256404675712
634.0 0.6552776582743814
635.0 0.6606509786601269
636.0 0.6632278046686119
637.0 0.6671483926747087
638.0 0.6687105948061085
639.0 0.6726990832916138
640.0 0.6719190319116701
641.0 0.6698882960312108
642.0 0.6687555875765608
643.0 0.6695265214266836
644.0 0.6732193305540809
645.0 0.6780148691422683
646.0 0.6824714317762012
647.0 0.6854737870942218
648.0 0.6912550109803662
649.0 0.6949764626418384
650.0 0.7001022327890184
651.0 0.6992863529295671
652.0 0.696870349214306
653.0 0.6976509593679603
654.0 0.7005216292724478
655.0 0.7020392371566946
656.0 0.7035463025082364
657.0 0.7075705991030434
658.0 0.7078590755938897
659.0 0.7086835740365672
660.0 0.7093444590352778
661.0 0.7093034908610609
662.0 0.7098449311637994
663.0 0.7100252464531571
664.0 0.7094517940296305
665.0 0.7096530851838866
666.0 0.709559160639136
667.0 0.7066683175665629
668.0 0.7080108120892828
669.0 0.7063854908346419
670.0 0.7059747112456968
671.0 0.7093379768309894
672.0 0.7082820350880311
673.0 0.7122366951236127
674.0 0.715270469796267
675.0 0.713719943109652
676.0 0.7159809946698481
677.0 0.7162366115164591
678.0 0.7136171024083154
679.0 0.7119371987919035
680.0 0.7075883559818202
681.0 0.7113447147125371
682.0 0.708587417706397
683.0 0.7033249210341412
684.0 0.6952098026360968
685.0 0.688410318088298
686.0 0.6631360125874
687.0 0.6363492847424014
688.0 0.5818645836216987
689.0 0.5708751110141725
690.0 0.5635777939174977
691.0 0.5575221638733088
692.0 0.5505218570626175
693.0 0.5440181368635431
694.0 0.5390179705419428
695.0 0.5270679512834823
696.0 0.5060673628684137
697.0 0.4696053188600137
698.0 0.42089060893299524
699.0 0.3635291706133184
700.0 0.30000852236994396
701.0 0.23930716074166253
702.0 0.1854214595043202
703.0 0.1401092482733409
704.0 0.10712576824311315
705.0 0.08120210864066894
706.0 0.06309906575533133
707.0 0.049778233867497856
708.0 0.039340891489738315
709.0 0.030693748595802258
710.0 0.023021764713596786
711.0 0.01698879905514861
712.0 0.011859396488365523
713.0 0.007904566251469089
714.0 0.004938989562792313
715.0 0.0029356387517589693
716.0 0.0017325891408807015
717.0 0.0010295413559997912
718.0 0.0006258384587117742
719.0 0.00038082051835605814
720.0 0.00024389178550996454
721.0 0.00016028750398968097
722.0 0.00010664831752062805
723.0 7.01227315988866e-05
724.0 4.701401204058651e-05
725.0 3.8813202942124e-05
726.0 3.798457913522603e-05
727.0 3.360004812853429e-05
728.0 2.635920197541508e-05
729.0 1.7569928696269135e-05
730.0 1.2161666103608162e-05
731.0 8.26310868997599e-06
732.0 2.0564947774022673e-05
733.0 6.970904340608329e-06
734.0 1.7950123270596475e-05
735.0 7.728538525435145e-06
736.0 1.8321302583993593e-05
737.0 1.935454674055017e-05
738.0 9.639695046317156e-06
739.0 4.552176390007162e-07
740.0 3.95036229018205e-06
741.0 1.3758160355263035e-05
742.0 7.965601090484952e-06
743.0 1.5241616721958518e-06
744.0 1.0360404284702349e-05
745.0 5.11436862621229e-06
746.0 3.3516731789399973e-06
747.0 1.6801394735756465e-05
748.0 8.114253619974659e-06
749.0 7.588083749115357e-06
