col0 col1
495.0 5.300041271722572e-05
496.0 7.615264344897823e-05
497.0 0.00012418786872204544
498.0 0.00024732588521153136
499.0 0.000624631386371866
500.0 0.0022591559020013513
501.0 0.012872222992930182
502.0 0.08566921724707763
503.0 0.32119138427747784
504.0 0.5074764953077395
505.0 0.5756331860244335
506.0 0.5789322227169654
507.0 0.5766573825135469
508.0 0.5763677364025965
509.0 0.5818099230945335
510.0 0.5877857224492311
511.0 0.5921113111435765
512.0 0.594565515952053
513.0 0.5948730998887385
514.0 0.5930615925911412
515.0 0.5916064339885099
516.0 0.5901454332659396
517.0 0.5907091186425798
518.0 0.591022899726348
519.0 0.592615948589722
520.0 0.5930985789244095
521.0 0.5888803673110083
522.0 0.5647329211697791
523.0 0.4326146351889756
524.0 0.21472999003110974
525.0 0.0679397112950225
526.0 0.01343061571693234
527.0 0.003157373966873263
528.0 0.0010060945540141327
529.0 0.00039667741448498644
530.0 0.0001748453070998532
531.0 7.882148143819737e-05
532.0 4.4549782227287965e-05
533.0 2.8809984050594826e-05
534.0 1.8597192192577786e-05
