col0 col1
630.0 7.481998576036351e-06
631.0 7.224394090008037e-06
632.0 7.559004785800207e-06
633.0 7.64566151562859e-06
634.0 8.018950966137239e-06
635.0 8.53531715324896e-06
636.0 8.261700449668546e-06
637.0 8.636392676533572e-06
638.0 8.435275987058212e-06
639.0 8.810298240758758e-06
640.0 1.0271243274841737e-05
641.0 1.0650011618272931e-05
642.0 1.1683795889107997e-05
643.0 1.2866744554534483e-05
644.0 1.4200489465595802e-05
645.0 1.531476663731766e-05
646.0 1.7589915165154095e-05
647.0 2.0523383734771182e-05
648.0 2.2669706640085597e-05
649.0 2.702443150542411e-05
650.0 3.22714789402884e-05
651.0 3.8934250360544054e-05
652.0 4.826902532977218e-05
653.0 5.9415769995644556e-05
654.0 7.547343943817321e-05
655.0 9.705517142534785e-05
656.0 0.00012600580941976193
657.0 0.0001632607093128044
658.0 0.0002120619359003937
659.0 0.00027574753942285715
660.0 0.0003554268914539159
661.0 0.000456694722596031
662.0 0.0005858991946690622
663.0 0.0007521627619753258
664.0 0.0009670781033880872
665.0 0.0012543671076519353
666.0 0.0016412775303084723
667.0 0.002178267049443504
668.0 0.0029333976393290193
669.0 0.003960995047192515
670.0 0.005326643310917704
671.0 0.00714007794677213
672.0 0.009470374821855523
673.0 0.012467316938049791
674.0 0.016304810062562222
675.0 0.021134280753153822
676.0 0.027067436853854963
677.0 0.03434513477102416
678.0 0.043003721333514724
679.0 0.05296616518739428
680.0 0.06447320151668934
681.0 0.07787340572303048
682.0 0.09307999878552306
683.0 0.10964681353478695
684.0 0.12796287729281705
685.0 0.14707955927382702
686.0 0.16569994826905213
687.0 0.1828747430932869
688.0 0.1933600414489738
689.0 0.2185175839657525
690.0 0.24724872350759936
691.0 0.27780919113136593
692.0 0.30866016648947575
693.0 0.3394143099818808
694.0 0.37048391863104124
695.0 0.3995831819504406
696.0 0.42483265045803986
697.0 0.4490706764809943
698.0 0.4724576478287009
699.0 0.49497254719422384
700.0 0.5161663591971587
701.0 0.5358118675964342
702.0 0.5541291632145475
703.0 0.5707719947549613
704.0 0.5858155903990212
705.0 0.5996565942954459
706.0 0.6124076539566621
707.0 0.6239762752213833
708.0 0.6345603228414801
709.0 0.6442642770106582
710.0 0.653372847566983
711.0 0.6615242925802853
712.0 0.6686057571318547
713.0 0.6746100103175765
714.0 0.6786424118992969
715.0 0.6821551674196037
716.0 0.6851181567307832
717.0 0.6875447029452081
718.0 0.6894717622782467
719.0 0.6904236127316761
720.0 0.6808630510056787
721.0 0.6754932465005161
722.0 0.6802558425258769
723.0 0.6847582844662473
724.0 0.6891102902492865
725.0 0.6929790487799058
726.0 0.6966083430271582
727.0 0.7001246649857372
728.0 0.7034370389945053
729.0 0.7062869076569706
730.0 0.7091890071688366
731.0 0.7120184576911411
732.0 0.7147575376766213
733.0 0.7173694554429375
734.0 0.7199078077489386
735.0 0.722345347779716
736.0 0.7243826599330915
737.0 0.725885512458551
738.0 0.7270206327074776
739.0 0.7284141894806878
740.0 0.7300010881617026
741.0 0.7315404673344337
742.0 0.7331515761259506
743.0 0.734806203517315
744.0 0.7365049666479524
745.0 0.7374121443196558
746.0 0.7379173051016266
747.0 0.7383341445948389
748.0 0.738735187618097
749.0 0.7386706792146468
750.0 0.7386393302020758
751.0 0.738966631065132
752.0 0.7211193681319813
753.0 0.696144269164575
754.0 0.671141715926274
755.0 0.646111460227515
756.0 0.6209396049052008
757.0 0.5957870205434387
758.0 0.5707082756843301
759.0 0.6799250900778084
760.0 0.5381334430907496
761.0 0.39631776100188515
762.0 0.2983236797639425
763.0 0.34559592237481174
764.0 0.3929784114026453
765.0 0.4411652931059746
766.0 0.5004906901992054
767.0 0.5594864094700818
768.0 0.618325091873665
769.0 0.6770819786106195
770.0 0.7167628945242246
771.0 0.7178780833850179
772.0 0.71886684636255
773.0 0.7200087559395025
774.0 0.7213580814048273
775.0 0.7226537040760768
776.0 0.7238178707400891
777.0 0.7250083349630443
778.0 0.725306385985949
779.0 0.7240920112957173
780.0 0.7228720925893647
781.0 0.7216462764151029
782.0 0.7204256755322235
783.0 0.7191271790616123
784.0 0.7178768768726694
785.0 0.7164888001445068
786.0 0.7151109703731576
787.0 0.7136792643819999
788.0 0.7122552452505918
789.0 0.7108625269322878
790.0 0.7098230166835087
791.0 0.7087652174924272
792.0 0.7076812101819037
793.0 0.7050101532791135
794.0 0.7037694401948947
795.0 0.7049084567991418
796.0 0.7024720091839641
797.0 0.7000991702810376
798.0 0.698768692506184
799.0 0.6975156463870618
800.0 0.6963348614928483
801.0 0.6954472358665986
802.0 0.694527289037322
803.0 0.6932204325939635
804.0 0.6918807718362755
805.0 0.6906168274677588
806.0 0.6893484091758514
807.0 0.6876975600180085
808.0 0.6842619606077361
809.0 0.6805889915444984
810.0 0.6750396616907537
811.0 0.671609429640508
812.0 0.6689050033810917
813.0 0.6653623815276014
814.0 0.6602656293006863
815.0 0.6577204297442775
816.0 0.6551154744574468
817.0 0.6510790766470455
818.0 0.6468726185795705
819.0 0.6434141680443548
820.0 0.6400291791935476
821.0 0.63669980163851
822.0 0.6332273666457858
823.0 0.6309266918520591
824.0 0.6306988492986194
825.0 0.6301265426509904
826.0 0.6293261490386316
827.0 0.6276057801913093
828.0 0.624825260163715
829.0 0.6214390089669538
830.0 0.6175727253313287
831.0 0.6127249394690815
832.0 0.6065836065035363
833.0 0.5989925700171381
834.0 0.5896421582438186
835.0 0.5780956943039758
836.0 0.5639430899426805
837.0 0.5481742317431577
838.0 0.530350509966855
839.0 0.5100960240271702
840.0 0.487670559255296
841.0 0.4634039318020245
842.0 0.4375523649546263
843.0 0.41018057677104003
844.0 0.38124126882076054
845.0 0.35127237875428424
846.0 0.32098473575504066
847.0 0.291089020641872
848.0 0.2619266638991593
849.0 0.23361624119277102
850.0 0.20668637219846023
851.0 0.1810515010138728
852.0 0.15740846082651552
853.0 0.13594061581391395
854.0 0.11654028271397458
855.0 0.09909199408961973
856.0 0.08373675881900353
857.0 0.07023658233085858
858.0 0.05855562470841471
859.0 0.04849687916716899
860.0 0.039973116581003096
861.0 0.032840376643238196
862.0 0.026854493770342366
863.0 0.021796812638250063
864.0 0.01759856544038901
865.0 0.014180175107594253
866.0 0.011415137398480922
867.0 0.009164317337279152
868.0 0.007372840294873101
869.0 0.0059285447787896664
870.0 0.004766455132881715
871.0 0.0038380585606395483
872.0 0.0030998660023835406
873.0 0.002512001608460785
874.0 0.00204956223942848
875.0 0.0016798438086793944
876.0 0.001384375028455935
877.0 0.001153012922784321
878.0 0.0009649473086283802
879.0 0.000816244769116883
880.0 0.0007002036285396498
881.0 0.0006144636971941789
882.0 0.0005420880369518772
883.0 0.00048214907887156853
884.0 0.0004340191244239351
885.0 0.00040177767746977
886.0 0.00037509587862151537
887.0 0.0003524667866925946
888.0 0.00033407203009392674
889.0 0.0003143881011053951
890.0 0.00031440105310714467
891.0 0.0003037518050691161
892.0 0.0002942735824167621
893.0 0.0002870215752596316
894.0 0.00027746629907690325
895.0 0.00027826900026806903
896.0 0.00027809847752535314
897.0 0.00027472959039811324
898.0 0.00025834823537369204
899.0 0.00026569244691879146
