col0 col1
360.0 2.852176062355809e-06
361.0 3.226592593205294e-06
362.0 3.165213320516197e-06
363.0 3.0997757010281844e-06
364.0 3.4228668134111423e-06
365.0 3.588057880283888e-06
366.0 3.6047072274453556e-06
367.0 3.5874671645176535e-06
368.0 3.82480739921568e-06
369.0 3.665096342942266e-06
370.0 4.204516956344971e-06
371.0 4.235018338297882e-06
372.0 4.165598782620952e-06
373.0 4.9940306117248266e-06
374.0 6.194096874027814e-06
375.0 7.5345700914711314e-06
376.0 1.0134408622974802e-05
377.0 1.3664383144001203e-05
378.0 1.8081452716953835e-05
379.0 2.4090395388047984e-05
380.0 3.145660468970265e-05
381.0 3.994663743066352e-05
382.0 5.169129994847772e-05
383.0 7.058839957428254e-05
384.0 0.00011019342259387106
385.0 0.00026538153940551345
386.0 0.0016682894870339473
387.0 0.018076292635658606
388.0 0.09304444804480135
389.0 0.23293175814929834
390.0 0.35686468098051
391.0 0.40666668186235433
392.0 0.41806360305841933
393.0 0.42429160038358127
394.0 0.43010555031002107
395.0 0.43538968249483906
396.0 0.4412430224473211
397.0 0.4389925177094864
398.0 0.3836489837222368
399.0 0.2512027915064866
400.0 0.09960243012798295
401.0 0.021093602078282578
402.0 0.003013272442470968
403.0 0.0005879488699383742
404.0 0.00018677742203518306
405.0 8.42590695000554e-05
406.0 4.748062376483943e-05
407.0 3.079155561594181e-05
408.0 2.1137319837294586e-05
409.0 1.5740662708106004e-05
410.0 1.1795952330819008e-05
411.0 9.943229385960086e-06
412.0 8.800069118683591e-06
413.0 7.589173784691287e-06
414.0 6.938353840038087e-06
415.0 6.847766783609818e-06
416.0 6.701402547327997e-06
417.0 6.895733841790852e-06
418.0 6.630402242673383e-06
419.0 6.944288735207951e-06
420.0 6.447409709617231e-06
421.0 6.938738971414063e-06
422.0 6.199267278725419e-06
423.0 6.5134426097083525e-06
424.0 7.062323038068341e-06
