col0 col1
320.22116903633486 0.004470069046156325
321.22116903633486 0.013102918285542048
322.22116903633486 0.026585420509887343
323.22116903633486 0.041575283995617544
324.22116903633486 0.05271824331130341
325.22116903633486 0.05856402185087132
326.22116903633486 0.06260629496992715
327.22116903633486 0.06716874518661865
328.22116903633486 0.07182611549546608
329.22116903633486 0.07567026195276116
330.22116903633486 0.08006525663223452
331.22116903633486 0.08302358420188524
332.22116903633486 0.08565518055970646
333.22116903633486 0.0906457207056227
334.22116903633486 0.09469295609286833
335.22116903633486 0.0977826005431378
336.22116903633486 0.10082676150921313
337.22116903633486 0.10431700046562374
338.22116903633486 0.10762818727338612
339.22116903633486 0.11089446032682843
340.22116903633486 0.11456371943151636
341.22116903633486 0.11821710588799515
342.22116903633486 0.12183304435603491
343.22116903633486 0.12470653979255454
344.22116903633486 0.12630204032072326
345.22116903633486 0.12870586388716304
346.22116903633486 0.13339331251193007
347.22116903633486 0.1390164806709629
348.22116903633486 0.14380056423341472
349.22116903633486 0.14816117627764888
350.22116903633486 0.1519032860267191
351.22116903633486 0.15534114906125104
352.22116903633486 0.15905708831409945
353.22116903633486 0.16268670697064583
354.22116903633486 0.16547237387725242
355.22116903633486 0.16803499581017092
356.22116903633486 0.17050273104254476
357.22116903633486 0.17495645791700104
358.22116903633486 0.18105354795594353
359.22116903633486 0.18681466554173645
360.22116903633486 0.1908328305408614
361.22116903633486 0.19436090267342532
362.22116903633486 0.1971231860786677
363.22116903633486 0.2008624556365298
364.22116903633486 0.2064365840200989
365.22116903633486 0.21356265171019892
366.22116903633486 0.2171647273092644
367.22116903633486 0.2230323954339263
368.22116903633486 0.23389209949172238
369.22116903633486 0.23367979335768177
370.22116903633486 0.2274461232269361
371.22116903633486 0.20936227379479577
372.22116903633486 0.1793394636654403
373.22116903633486 0.14187393228275266
374.22116903633486 0.10508730278719755
375.22116903633486 0.07382245260317268
376.22116903633486 0.049062720819074715
377.22116903633486 0.032271332508956356
378.22116903633486 0.021425755606226362
379.22116903633486 0.014567293632181774
380.22116903633486 0.010152221832525569
381.22116903633486 0.007297152076243656
382.22116903633486 0.005313283716188113
383.22116903633486 0.0038803791044747316
384.22116903633486 0.0028419782999829883
385.22116903633486 0.002051897791592363
386.22116903633486 0.0014284400737469532
387.22116903633486 0.0009496444768051139
388.22116903633486 0.0006032976992747984
389.22116903633486 0.0003605635055693493
390.22116903633486 0.00019643887360602344
391.22116903633486 0.0001001885601150335
392.22116903633486 4.930041151878217e-05
393.22116903633486 2.41660004184082e-05
394.22116903633486 1.3573515248066505e-05
395.22116903633486 9.605513519246052e-06
396.22116903633486 7.839219312015402e-06
397.22116903633486 7.553711735899506e-06
398.22116903633486 6.701341768343677e-06
399.22116903633486 5.352365336813817e-06
400.22116903633486 5.522242520013555e-06
401.22116903633486 6.3775433170387296e-06
402.22116903633486 7.191337146411688e-06
403.22116903633486 6.74994488597056e-06
404.22116903633486 6.687337505083722e-06
405.22116903633486 6.0749738340472e-06
406.22116903633486 5.612199509402512e-06
407.22116903633486 5.747433197221032e-06
408.22116903633486 6.129748112868269e-06
409.22116903633486 6.140596988225027e-06
410.22116903633486 6.6587888622924535e-06
411.22116903633486 7.27012425742335e-06
412.22116903633486 7.489559944234004e-06
413.22116903633486 5.972127832603628e-06
414.22116903633486 7.241382328895329e-06
415.22116903633486 7.1612596755026335e-06
416.22116903633486 6.773367447411973e-06
417.22116903633486 6.882221671175521e-06
418.22116903633486 6.770689673293974e-06
419.22116903633486 6.6290328944054176e-06
420.22116903633486 6.954490363405315e-06
421.22116903633486 6.641394088385967e-06
422.22116903633486 6.916813600630209e-06
423.22116903633486 7.5809883551689095e-06
424.22116903633486 7.037645870225684e-06
425.22116903633486 6.652167058823478e-06
426.22116903633486 6.984970794525992e-06
427.22116903633486 7.109824083492705e-06
428.22116903633486 6.949438901022894e-06
429.22116903633486 6.773754575554413e-06
430.22116903633486 7.884967415968707e-06
431.22116903633486 8.138928042583671e-06
432.22116903633486 7.42422362920188e-06
433.22116903633486 7.2647327440353444e-06
434.22116903633486 7.637554667982468e-06
435.22116903633486 6.928503877158588e-06
436.22116903633486 7.615090688939265e-06
437.22116903633486 7.562118453367726e-06
438.22116903633486 7.296866736324155e-06
439.22116903633486 8.2519541156737e-06
440.22116903633486 8.326127933771625e-06
441.22116903633486 7.571494549461222e-06
442.22116903633486 7.807390371833471e-06
443.22116903633486 7.74403814672122e-06
444.22116903633486 8.635713635928605e-06
445.22116903633486 8.038521339139619e-06
446.22116903633486 7.942649421629098e-06
447.22116903633486 8.057133483187027e-06
448.22116903633486 6.926156043292888e-06
449.22116903633486 7.746188897910814e-06
