col0 col1
740.0 5.303939874078655e-05
741.0 5.5780946263066545e-05
742.0 6.042276798897948e-05
743.0 6.476452985789347e-05
744.0 6.920626968531104e-05
745.0 7.574686636876308e-05
746.0 8.239590333780179e-05
747.0 8.803184201892118e-05
748.0 9.435914793954729e-05
749.0 0.00010198384863618207
750.0 0.00011070104311050414
751.0 0.00012041442540683572
752.0 0.0001264735202129526
753.0 0.00013226421994074362
754.0 0.0001386947382481344
755.0 0.00014602131858832535
756.0 0.00015288075529646655
757.0 0.00015936665431331667
758.0 0.00016638046473662832
759.0 0.00021751244890359501
760.0 0.00018907112778277703
761.0 0.0001533455892448637
762.0 0.0001275056612857816
763.0 0.00016373138623897046
764.0 0.00020629475386571637
765.0 0.0002575492317255447
766.0 0.0003249874506665292
767.0 0.0004059530130303364
768.0 0.0005027414456528015
769.0 0.0006170839392556088
770.0 0.0007317598678312321
771.0 0.0008207331605255408
772.0 0.0009209921698712252
773.0 0.0010325566632373854
774.0 0.0011608399749936168
775.0 0.0013068674360085391
776.0 0.001471315886660105
777.0 0.0016558843822272336
778.0 0.0018622667070870512
779.0 0.0020918027826668036
780.0 0.002349681610209388
781.0 0.00264494359814619
782.0 0.0029872312394421782
783.0 0.0033822557339750507
784.0 0.0038419752069749754
785.0 0.0043701247999781995
786.0 0.004976000457182601
787.0 0.0056740187402981425
788.0 0.006486954670096214
789.0 0.007423571170882139
790.0 0.00851174153914969
791.0 0.009755586128940051
792.0 0.011168561379248121
793.0 0.012738322939617767
794.0 0.014557223087494813
795.0 0.016682362487939684
796.0 0.018987341438155943
797.0 0.021571681606231585
798.0 0.024506712607762035
799.0 0.027850820703205586
800.0 0.03165585747891421
801.0 0.03591194271863308
802.0 0.04060056816280378
803.0 0.045777623426718594
804.0 0.051596578454822004
805.0 0.05808170191057815
806.0 0.06525022409302857
807.0 0.07309566522176791
808.0 0.0813425311248159
809.0 0.09017719716698902
810.0 0.09939944244109174
811.0 0.10950440856885056
812.0 0.12037207740655166
813.0 0.13174484347756707
814.0 0.14337282708945887
815.0 0.15586659545407808
816.0 0.16869076833828822
817.0 0.18138031736637117
818.0 0.19422166992693457
819.0 0.20774894482413814
820.0 0.22171717576218292
821.0 0.23582427063705727
822.0 0.2499562158218697
823.0 0.26466175316580176
824.0 0.280140395604595
825.0 0.29570489224222624
826.0 0.3114413619203173
827.0 0.3271032649382833
828.0 0.34240714420392526
829.0 0.35746275930887644
830.0 0.3723400922624176
831.0 0.38685848481395446
832.0 0.40119740770866313
833.0 0.41513033632584473
834.0 0.42853840582700886
835.0 0.4410556362389441
836.0 0.45260339614441986
837.0 0.4633250024516625
838.0 0.47345829213910917
839.0 0.48322679018967246
840.0 0.4923742378593817
841.0 0.5010471405842927
842.0 0.5092590547578872
843.0 0.516939139073595
844.0 0.5241801906232114
845.0 0.5308463900777604
846.0 0.5367786081112523
847.0 0.5422665811871489
848.0 0.5472759026531522
849.0 0.5521925653856818
850.0 0.5576568143078255
851.0 0.5625503822433547
852.0 0.5665134815993296
853.0 0.5696040649888041
854.0 0.572334030804093
855.0 0.5746550547446022
856.0 0.5766053664924449
857.0 0.5783594965930161
858.0 0.5797686111188833
859.0 0.5808132250765953
860.0 0.5816452189442293
861.0 0.5821499050865528
862.0 0.5819660098553603
863.0 0.5814195694125659
864.0 0.5807788578334255
865.0 0.5799567301312369
866.0 0.5789471815829944
867.0 0.5780965099555904
868.0 0.5771499904923074
869.0 0.5758390119379652
870.0 0.5743718580719788
871.0 0.5729500511573671
872.0 0.5714861963045159
873.0 0.569736892768862
874.0 0.5678400540990169
875.0 0.5660636970442465
876.0 0.5640470393198035
877.0 0.5621145061005762
878.0 0.5567132877482653
879.0 0.5512376588051378
880.0 0.5459530391185333
881.0 0.5411820957033011
882.0 0.537650412335285
883.0 0.5340365971473534
884.0 0.532230557041528
885.0 0.5280428201324628
886.0 0.5248245878223942
887.0 0.5225672596106565
888.0 0.5202316846191795
889.0 0.5140595485900356
890.0 0.5094604276060655
891.0 0.503363039869623
892.0 0.49729824725193306
893.0 0.49040164846524315
894.0 0.48246751731581305
895.0 0.47521658661811567
896.0 0.46797295140490514
897.0 0.460110873430547
898.0 0.4533923732609795
899.0 0.44877963320670866
900.0 0.44009589056645365
901.0 0.44237352440123157
902.0 0.44524875923520824
903.0 0.44296092134458437
904.0 0.4435705552805991
905.0 0.4449343011163921
906.0 0.43957805018183677
907.0 0.42775466518059563
908.0 0.41717134713339016
909.0 0.41679862093514897
910.0 0.41386393945315786
911.0 0.4126081333236204
912.0 0.4089710223311463
913.0 0.3999247891709611
914.0 0.39223598504515717
915.0 0.38979002619576464
916.0 0.3893285577232877
917.0 0.3875131607996422
918.0 0.386219355757868
919.0 0.3856897812647204
920.0 0.39283671429784717
921.0 0.39455577933117025
922.0 0.3892146196631425
923.0 0.38384675960671744
924.0 0.3787104722166297
925.0 0.3717146111837121
926.0 0.3629910597430028
927.0 0.3550272320949112
928.0 0.3484074893854632
929.0 0.33926726949318586
930.0 0.32228187981980294
931.0 0.30535494556285103
932.0 0.2887136414810118
933.0 0.2732856789734549
934.0 0.25834356869879527
935.0 0.24415443501609924
936.0 0.24364496542256897
937.0 0.25797904372522307
938.0 0.26708543195614654
939.0 0.2435807928298562
940.0 0.26595975554567963
941.0 0.2853519674220102
942.0 0.27362645698134236
943.0 0.26000419724192425
944.0 0.24673445587329876
945.0 0.24370542098796347
946.0 0.24297469666469315
947.0 0.24163074949034974
948.0 0.24022897638594384
949.0 0.23958339842801113
950.0 0.239853167965714
951.0 0.2392335767069348
952.0 0.23803703973917628
953.0 0.23680527209109287
954.0 0.23549473909082516
955.0 0.23453475453926437
956.0 0.23598955792417067
957.0 0.23844995655465992
958.0 0.2346209048474354
959.0 0.23106123591968025
960.0 0.22779219976499343
961.0 0.22372301516504808
962.0 0.21965847140404743
963.0 0.2155762923047397
964.0 0.2146750784846652
965.0 0.21442632897515657
966.0 0.21414028303290408
967.0 0.21354210815126967
968.0 0.2128626694716554
969.0 0.21207597910756198
970.0 0.20967485617134474
971.0 0.20554388426408954
972.0 0.201443283600951
973.0 0.1973666110154154
974.0 0.19331162306381933
975.0 0.18944235877240193
976.0 0.18598495115973096
977.0 0.18401593512662692
978.0 0.1820017836820202
979.0 0.17992033230745627
980.0 0.17758597050101005
981.0 0.17475137377539346
982.0 0.17150217690997774
983.0 0.168233311632627
984.0 0.16493240402640263
985.0 0.16161615395735346
986.0 0.1587225935269176
987.0 0.1558483069630574
988.0 0.15295322962546798
989.0 0.1497851240972725
990.0 0.14654646237785357
991.0 0.14316734711811435
992.0 0.13948252013337467
993.0 0.13579605467005038
994.0 0.13209035712078837
995.0 0.12837862042982112
996.0 0.12471503180769074
997.0 0.12118285130454948
998.0 0.11763550216658726
999.0 0.11397740947868153
1000.0 0.11031777279631319
1001.0 0.10666106830864915
1002.0 0.10801160677384895
1003.0 0.1048402133993691
1004.0 0.10166860998332503
1005.0 0.09849802046921578
1006.0 0.09533428966420739
1007.0 0.09217057117033485
1008.0 0.08512303581208243
1009.0 0.08301582333032595
1010.0 0.08090372155379244
1011.0 0.07879276792123652
1012.0 0.07667773250225704
1013.0 0.07455638159146917
1014.0 0.07366828315138209
1015.0 0.07331106907713149
1016.0 0.07098667378999851
1017.0 0.06817818048297243
1018.0 0.0653572463714643
1019.0 0.0625373041031622
1020.0 0.059714803637849055
1021.0 0.05698916843089267
1022.0 0.05512281020299404
1023.0 0.05325897635982391
1024.0 0.05139648143233828
1025.0 0.04953393646807201
1026.0 0.047665211126056366
1027.0 0.04579648066505424
1028.0 0.04392964566601402
1029.0 0.04252319704041876
1030.0 0.04142082748534261
1031.0 0.03988067721087053
1032.0 0.03815433427284891
1033.0 0.036427434311638966
1034.0 0.03469843672997137
1035.0 0.03297184963550742
1036.0 0.03124550752167456
1037.0 0.029519742477208195
1038.0 0.02828865053703378
1039.0 0.027180765345474565
1040.0 0.025879621583637262
1041.0 0.024555900769563637
1042.0 0.023232375687136594
1043.0 0.021908248180556318
1044.0 0.020585154915823637
1045.0 0.019258962485290847
1046.0 0.017932420839571053
1047.0 0.017562348123387722
1048.0 0.01713438494407394
1049.0 0.016194479008340045
