300 0.00957222
300.150038 0.0345366
300.30015 0.0363527
300.450338 0.0377796
300.6006 0.0390566
300.750938 0.0413182
300.901351 0.0441385
301.05184 0.0474336
301.202403 0.0508534
301.353042 0.053396
301.503756 0.0558716
301.654546 0.0574298
301.805411 0.0584965
301.956351 0.0596491
302.107367 0.061395
302.258459 0.0637978
302.409626 0.0664287
302.560868 0.0701512
302.712187 0.0740771
302.86358 0.0780181
303.01505 0.0823442
303.166596 0.0859685
303.318217 0.0889727
303.469914 0.0911491
303.621687 0.0931449
303.773535 0.0950346
303.92546 0.0950433
304.077461 0.096147
304.229538 0.0997838
304.38169 0.103595
304.533919 0.10696
304.686224 0.111869
304.838606 0.11724
304.991063 0.123137
305.143597 0.128199
305.296207 0.13283
305.448893 0.136005
305.601656 0.137437
305.754495 0.138171
305.90741 0.140603
306.060402 0.143214
306.21347 0.143472
306.366615 0.144568
306.519837 0.149166
306.673135 0.154624
306.82651 0.158715
306.979962 0.164992
307.13349 0.171877
307.287095 0.178424
307.440777 0.183469
307.594536 0.18794
307.748372 0.190595
307.902285 0.189906
308.056274 0.189946
308.210341 0.19178
308.364485 0.196241
308.518705 0.202418
308.673003 0.201437
308.827378 0.202841
308.981831 0.206169
309.13636 0.209603
309.290967 0.215702
309.445651 0.224983
309.600413 0.234273
309.755252 0.240312
309.910168 0.241908
310.065162 0.243084
310.220233 0.242714
310.375382 0.242894
310.530609 0.248842
310.685913 0.252752
310.841294 0.255125
310.996754 0.258641
311.152291 0.260666
311.307906 0.260058
311.463599 0.259749
311.61937 0.264613
311.775219 0.272815
311.931145 0.280184
312.08715 0.285672
312.243232 0.289158
312.399393 0.293279
312.555632 0.299353
312.711949 0.30256
312.868344 0.305304
313.024817 0.307281
313.181368 0.308648
313.337998 0.306654
313.494706 0.300885
313.651493 0.302108
313.808358 0.307783
313.965301 0.314748
314.122323 0.321177
314.279424 0.328545
314.436603 0.33677
314.59386 0.343897
314.751197 0.345965
314.908612 0.345385
315.066105 0.348042
315.223678 0.348843
315.381329 0.346256
315.539059 0.336917
315.696868 0.337773
315.854756 0.346059
316.012723 0.355364
316.170769 0.361947
316.328894 0.366136
316.487098 0.370829
316.645381 0.376345
316.803743 0.381113
316.962184 0.378658
317.120705 0.374618
317.279305 0.376682
317.437984 0.378909
317.596743 0.372724
317.755581 0.370848
317.914499 0.379771
318.073496 0.385781
318.232572 0.39083
318.391728 0.399168
318.550964 0.406816
318.710279 0.410704
318.869674 0.413636
319.029149 0.418651
319.188703 0.420302
319.348338 0.414274
319.508052 0.403177
319.667846 0.404928
319.82772 0.409325
319.987673 0.402874
320.147707 0.403781
320.307821 0.415136
320.468015 0.424014
320.628289 0.427935
320.788643 0.435337
320.949078 0.442249
321.109593 0.446829
321.270187 0.447592
321.430863 0.446854
321.591618 0.448488
321.752454 0.449701
321.913371 0.440266
322.074368 0.425936
322.235445 0.43024
322.396603 0.438273
322.557842 0.437274
322.719161 0.431194
322.880561 0.438407
323.042042 0.448656
323.203603 0.457406
323.365245 0.463998
323.526968 0.469562
323.688772 0.473843
323.850657 0.477142
324.012623 0.477044
324.17467 0.473118
324.336798 0.472037
324.499007 0.473326
324.661297 0.470948
324.823668 0.455246
324.98612 0.454767
325.148654 0.462044
325.311269 0.469497
325.473965 0.468597
325.636743 0.469299
325.799602 0.475839
325.962543 0.482167
326.125565 0.487234
326.288668 0.491235
326.451853 0.493768
326.61512 0.496107
326.778468 0.498111
326.941898 0.49813
327.10541 0.49358
327.269004 0.490501
327.432679 0.492572
327.596437 0.494847
327.760276 0.489632
327.924197 0.480262
328.0882 0.480397
328.252285 0.487203
328.416452 0.493537
328.580702 0.499273
328.745033 0.504119
328.909447 0.50784
329.073942 0.510823
329.238521 0.513332
329.403181 0.514957
329.567924 0.515678
329.732749 0.516019
329.897657 0.517044
330.062647 0.517407
330.227719 0.512615
330.392874 0.507814
330.558112 0.509547
330.723432 0.512439
330.888836 0.512866
331.054321 0.506734
331.21989 0.507629
331.385541 0.511809
331.551275 0.516644
331.717093 0.520559
331.882993 0.523736
332.048976 0.526375
332.215042 0.528584
332.381191 0.530354
332.547423 0.531709
332.713738 0.532403
332.880136 0.532207
333.046618 0.531789
333.213183 0.532186
333.379831 0.532615
333.546563 0.529959
333.713378 0.524494
333.880276 0.525289
334.047258 0.528632
334.214324 0.532185
334.381473 0.535142
334.548705 0.537291
334.716021 0.538873
334.883421 0.540665
335.050905 0.542459
335.218472 0.544009
335.386123 0.545139
335.553858 0.546012
335.721677 0.546677
335.88958 0.547579
336.057567 0.54816
336.225637 0.548042
336.393792 0.546874
336.562031 0.546262
336.730354 0.547338
336.898762 0.548278
337.067253 0.547324
337.235829 0.543945
337.404489 0.544244
337.573233 0.546828
337.742062 0.549468
337.910975 0.551734
338.079973 0.553659
338.249055 0.555513
338.418222 0.556926
338.587474 0.558142
338.75681 0.558969
338.926231 0.559905
339.095736 0.56055
339.265326 0.561165
339.435001 0.56144
339.604761 0.562009
339.774606 0.562548
339.944536 0.562364
340.114551 0.560476
340.28465 0.56048
340.454835 0.561883
340.625105 0.563459
340.79546 0.564995
340.965901 0.566338
341.136426 0.567532
341.307037 0.568601
341.477733 0.569534
341.648515 0.570345
341.819382 0.571029
341.990334 0.571676
342.161372 0.572333
342.332496 0.573059
342.503705 0.573727
342.674999 0.574291
342.84638 0.574712
343.017846 0.575079
343.189398 0.575364
343.361035 0.57593
343.532759 0.576569
343.704568 0.576851
343.876463 0.57623
344.048445 0.575592
344.220512 0.576472
344.392665 0.57784
344.564904 0.579255
344.73723 0.580486
344.909642 0.58155
345.08214 0.582482
345.254724 0.583309
345.427394 0.5841
345.600151 0.584841
345.772995 0.585519
345.945924 0.586258
346.11894 0.587102
346.292043 0.587929
346.465233 0.588608
346.638508 0.58923
346.811871 0.589852
346.98532 0.590425
347.158856 0.590827
347.332479 0.591084
347.506189 0.591514
347.679985 0.592245
347.853869 0.593106
348.027839 0.593905
348.201897 0.594634
348.376041 0.595327
348.550273 0.595968
348.724592 0.596588
348.898997 0.597231
349.073491 0.597876
349.248071 0.598491
349.422739 0.599041
349.597494 0.599561
349.772336 0.600137
349.947266 0.600758
350.122283 0.601354
350.297388 0.601935
350.472581 0.602531
350.647861 0.603132
350.823229 0.603726
350.998684 0.604305
351.174227 0.60481
351.349858 0.605092
351.525577 0.605316
351.701384 0.605752
351.877279 0.606469
352.053261 0.607248
352.229332 0.607957
352.405491 0.608602
352.581737 0.60924
352.758072 0.609883
352.934496 0.610518
353.111007 0.611153
353.287607 0.611758
353.464295 0.612368
353.641071 0.612931
353.817936 0.613505
353.994889 0.614075
354.171931 0.614654
354.349061 0.615186
354.52628 0.615736
354.703587 0.616298
354.880983 0.616839
355.058468 0.617383
355.236042 0.617891
355.413704 0.618417
355.591455 0.618982
355.769296 0.61953
355.947225 0.62004
356.125243 0.620574
356.30335 0.621117
356.481546 0.621634
356.659832 0.622059
356.838206 0.622497
357.01667 0.623012
357.195223 0.623544
357.373865 0.624046
357.552597 0.624534
357.731418 0.625039
357.910328 0.625547
358.089328 0.626027
358.268417 0.62652
358.447596 0.627006
358.626865 0.627488
358.806223 0.627957
358.985671 0.628427
359.165209 0.62888
359.344836 0.629327
359.524554 0.629772
359.704361 0.630268
359.884258 0.630762
360.064245 0.631269
360.244322 0.631807
360.42449 0.632342
360.604747 0.632873
360.785094 0.633435
360.965532 0.634018
361.14606 0.634625
361.326678 0.635261
361.507387 0.635928
361.688186 0.636599
361.869075 0.637284
362.050055 0.637967
362.231125 0.638652
362.412286 0.639335
362.593537 0.639994
362.774879 0.640651
362.956312 0.641304
363.137836 0.64192
363.31945 0.64253
363.501155 0.643141
363.682951 0.643741
363.864838 0.64433
364.046816 0.644898
364.228885 0.645447
364.411045 0.645996
364.593296 0.646542
364.775638 0.647085
364.958072 0.647654
365.140596 0.648218
365.323212 0.648764
365.505919 0.649352
365.688718 0.649886
365.871608 0.65042
366.05459 0.650961
366.237663 0.651485
366.420827 0.652007
366.604084 0.652527
366.787432 0.653064
366.970871 0.653598
367.154402 0.654117
367.338026 0.654635
367.52174 0.655153
367.705547 0.65567
367.889446 0.656187
368.073437 0.656702
368.257519 0.657217
368.441694 0.657732
368.625961 0.658245
368.81032 0.658758
368.994772 0.659271
369.179315 0.659782
369.363951 0.660293
369.548679 0.660803
369.7335 0.661313
369.918413 0.661821
370.103418 0.662329
370.288516 0.662837
370.473707 0.663343
370.65899 0.663849
370.844366 0.664355
371.029834 0.664859
371.215395 0.665363
371.401049 0.665866
371.586796 0.666369
371.772636 0.666871
371.958569 0.667372
372.144595 0.667872
372.330714 0.668372
372.516926 0.668871
372.703231 0.669369
372.889629 0.669867
373.07612 0.670364
373.262705 0.67086
373.449383 0.671356
373.636154 0.671839
373.823019 0.672331
374.009977 0.672818
374.197029 0.673301
374.384174 0.673793
374.571413 0.674284
374.758746 0.674775
374.946172 0.675257
375.133692 0.675725
375.321306 0.676211
375.509013 0.676675
375.696815 0.677147
375.88471 0.677614
376.0727 0.678077
376.260783 0.678548
376.44896 0.678996
376.637232 0.679441
376.825598 0.679885
377.014058 0.68033
377.202612 0.680753
377.39126 0.681176
377.580003 0.681598
377.76884 0.682017
377.957772 0.68242
378.146798 0.68282
378.335919 0.683219
378.525134 0.683633
378.714444 0.684045
378.903848 0.684451
379.093348 0.684866
379.282942 0.685285
379.472631 0.68572
379.662414 0.686152
379.852293 0.686586
380.042267 0.687044
380.232335 0.687526
380.422499 0.688029
380.612758 0.688522
380.803112 0.689044
380.993561 0.689569
381.184105 0.690097
381.374745 0.69063
381.56548 0.691176
381.756311 0.691722
381.947236 0.692266
382.138258 0.692799
382.329375 0.693322
382.520587 0.693861
382.711895 0.694379
382.903299 0.694901
383.094799 0.695402
383.286394 0.695903
383.478085 0.696403
383.669872 0.696902
383.861755 0.697394
384.053734 0.697867
384.245809 0.698346
384.43798 0.698824
384.630247 0.699296
384.82261 0.699771
385.015069 0.700225
385.207625 0.700687
385.400277 0.701161
385.593025 0.701613
385.78587 0.702065
385.978811 0.70253
386.171849 0.702997
386.364983 0.703445
386.558214 0.703894
386.751541 0.704342
386.944965 0.704789
387.138486 0.705236
387.332104 0.705681
387.525818 0.706127
387.71963 0.706571
387.913538 0.707015
388.107543 0.707458
388.301646 0.707901
388.495845 0.708343
388.690141 0.708784
388.884535 0.709225
389.079026 0.709664
389.273614 0.710104
389.4683 0.710542
389.663082 0.71098
389.857963 0.711417
390.05294 0.711854
390.248016 0.71229
390.443188 0.712725
390.638459 0.713169
390.833827 0.713612
391.029293 0.714043
391.224856 0.714475
391.420518 0.714923
391.616277 0.715355
391.812134 0.715785
392.008089 0.716215
392.204142 0.716645
392.400293 0.717074
392.596542 0.717502
392.79289 0.717929
392.989335 0.718356
393.185879 0.718782
393.382521 0.719207
393.579262 0.719632
393.7761 0.720056
393.973038 0.72048
394.170073 0.720903
394.367208 0.721325
394.564441 0.721746
394.761772 0.722167
394.959202 0.722588
395.156731 0.723007
395.354359 0.723426
395.552086 0.723845
395.749911 0.724262
395.947836 0.724679
396.145859 0.725096
396.343982 0.725511
396.542203 0.72592
396.740524 0.726341
396.938944 0.726751
397.137463 0.72716
397.336081 0.727553
397.534799 0.727978
397.733616 0.728404
397.932533 0.728813
398.131549 0.729221
398.330664 0.729629
398.529879 0.730029
398.729194 0.730449
398.928608 0.730849
399.128123 0.731263
399.327737 0.731662
399.52745 0.732071
399.727264 0.73247
399.927178 0.732866
400.127191 0.733269
400.327305 0.733694
400.527519 0.734123
400.727832 0.734544
400.928246 0.734972
401.128761 0.735395
401.329375 0.735829
401.53009 0.736256
401.730905 0.736662
401.931821 0.737084
402.132837 0.737504
402.333954 0.737924
402.535171 0.738343
402.736489 0.738762
402.937908 0.73918
403.139427 0.739597
403.341047 0.740014
403.542768 0.74043
403.74459 0.740846
403.946513 0.741261
404.148536 0.741675
404.350661 0.742089
404.552887 0.742502
404.755214 0.742914
404.957642 0.743326
405.160172 0.743738
405.362802 0.744148
405.565535 0.744558
405.768368 0.744966
405.971303 0.745374
406.174339 0.74578
406.377477 0.746187
406.580717 0.746591
406.784058 0.747017
406.987501 0.747434
407.191046 0.747837
407.394692 0.748239
407.59844 0.74864
407.80229 0.74904
408.006243 0.74944
408.210297 0.74984
408.414453 0.750239
408.618711 0.750638
408.823072 0.751037
409.027534 0.751434
409.232099 0.751832
409.436766 0.752229
409.641536 0.752625
409.846408 0.753021
410.051382 0.753417
410.256459 0.753812
410.461639 0.754207
410.666921 0.754601
410.872306 0.754994
411.077793 0.755388
411.283384 0.755782
411.489077 0.756175
411.694873 0.756568
411.900772 0.75696
412.106773 0.757352
412.312878 0.757744
412.519086 0.758134
412.725397 0.758525
412.931812 0.758914
413.138329 0.759302
413.34495 0.759689
413.551674 0.760076
413.758502 0.760462
413.965433 0.760847
414.172467 0.761216
414.379605 0.761579
414.586847 0.761962
414.794192 0.762373
415.001641 0.762748
415.209194 0.763105
415.41685 0.763477
415.624611 0.763856
415.832475 0.764233
416.040443 0.76461
416.248515 0.764987
416.456692 0.765363
416.664972 0.765738
416.873357 0.766113
417.081845 0.766488
417.290439 0.766863
417.499136 0.767238
417.707938 0.767612
417.916844 0.767985
418.125855 0.768358
418.33497 0.768731
418.54419 0.769104
418.753514 0.769476
418.962943 0.769846
419.172477 0.770218
419.382116 0.770589
419.591859 0.770959
419.801707 0.771328
420.011661 0.771697
420.221719 0.772064
420.431883 0.772431
420.642151 0.772797
420.852525 0.773163
421.063004 0.773527
421.273588 0.773889
421.484277 0.77425
421.695072 0.774611
421.905972 0.774971
422.116978 0.775329
422.328089 0.775686
422.539306 0.776042
422.750629 0.776398
422.962057 0.776753
423.173591 0.777106
423.38523 0.777458
423.596976 0.777809
423.808827 0.77816
424.020785 0.77851
424.232848 0.77886
424.445018 0.779209
424.657293 0.779557
424.869675 0.779905
425.082163 0.780254
425.294757 0.780604
425.507458 0.780953
425.720265 0.781302
425.933178 0.78165
426.146198 0.782001
426.359324 0.782354
426.572557 0.782705
426.785897 0.783056
426.999343 0.783407
427.212896 0.78376
427.426556 0.784112
427.640323 0.784464
427.854196 0.784815
428.068177 0.785166
428.282264 0.785515
428.496459 0.785864
428.710761 0.786212
428.92517 0.78656
429.139686 0.786906
429.35431 0.78725
429.56904 0.787594
429.783879 0.787938
429.998824 0.78828
430.213878 0.788619
430.429038 0.788957
430.644307 0.789295
430.859683 0.789632
431.075166 0.789967
431.290758 0.790297
431.506457 0.790627
431.722264 0.790937
431.938179 0.791272
432.154202 0.791586
432.370334 0.791912
432.586573 0.792241
432.80292 0.792569
433.019376 0.792898
433.23594 0.793229
433.452612 0.793561
433.669392 0.793892
433.886281 0.794223
434.103278 0.794555
434.320384 0.794887
434.537599 0.795219
434.754922 0.79555
434.972354 0.795881
435.189894 0.79621
435.407544 0.796539
435.625302 0.796868
435.843169 0.797196
436.061145 0.797522
436.27923 0.797845
436.497424 0.798168
436.715728 0.798491
436.93414 0.798812
437.152662 0.79913
437.371293 0.799445
437.590033 0.799759
437.808883 0.800073
438.027842 0.800384
438.246911 0.800692
438.466089 0.800998
438.685377 0.801304
438.904774 0.80161
439.124282 0.801912
439.343899 0.802212
439.563626 0.802509
439.783462 0.802788
440.003409 0.803071
440.223466 0.803371
440.443633 0.803669
440.663909 0.803967
440.884296 0.804262
441.104794 0.804563
441.325401 0.80485
441.546119 0.805139
441.766947 0.805411
441.987886 0.805714
442.208935 0.806013
442.430095 0.806323
442.651365 0.806443
442.872746 0.806854
443.094238 0.807085
443.315841 0.807507
443.537554 0.807815
443.759378 0.808101
443.981313 0.808389
444.20336 0.808708
444.425517 0.808975
444.647785 0.809317
444.870165 0.809546
445.092655 0.80989
445.315257 0.810176
445.537971 0.810515
445.760795 0.810787
445.983731 0.811064
446.206779 0.811416
446.429938 0.811666
446.653209 0.812033
446.876591 0.812336
447.100086 0.812617
447.323692 0.812935
447.547409 0.813254
447.771239 0.813562
447.995181 0.813885
448.219234 0.81419
448.4434 0.814498
448.667678 0.8148
448.892067 0.815102
449.11657 0.815407
449.341184 0.815708
449.565911 0.815999
449.79075 0.81629
450.015702 0.816591
450.240766 0.816878
450.465942 0.817167
450.691232 0.817481
450.916634 0.817765
451.142148 0.818051
451.367776 0.818338
451.593516 0.818649
451.819369 0.818952
452.045336 0.819239
452.271415 0.819532
452.497607 0.819824
452.723912 0.820116
452.950331 0.820407
453.176863 0.820696
453.403508 0.820985
453.630266 0.821273
453.857138 0.82156
454.084123 0.821844
454.311222 0.822123
454.538435 0.8224
454.765761 0.822677
454.9932 0.822952
455.220754 0.823218
455.448421 0.823482
455.676202 0.823744
455.904097 0.824007
456.132106 0.824261
456.36023 0.824509
456.588467 0.824757
456.816818 0.825004
457.045284 0.825248
457.273863 0.825492
457.502557 0.825744
457.731366 0.825961
457.960289 0.826198
458.189326 0.826434
458.418478 0.826669
458.647745 0.826903
458.877126 0.827137
459.106622 0.82737
459.336233 0.827603
459.565958 0.827836
459.795799 0.828068
460.025754 0.828302
460.255824 0.828544
460.48601 0.828786
460.71631 0.829029
460.946726 0.829271
461.177257 0.829525
461.407903 0.829783
461.638665 0.830041
461.869542 0.8303
462.100535 0.830559
462.331643 0.830801
462.562866 0.83107
462.794205 0.831342
463.02566 0.831617
463.257231 0.831907
463.488918 0.832199
463.72072 0.832492
463.952638 0.83276
464.184673 0.833037
464.416823 0.833332
464.64909 0.833625
464.881472 0.833918
465.113971 0.8342
465.346586 0.834447
465.579318 0.834722
465.812166 0.835001
466.04513 0.835259
466.278211 0.835483
466.511408 0.835731
466.744722 0.835959
466.978153 0.83619
467.2117 0.836417
467.445365 0.836621
467.679146 0.83685
467.913044 0.83706
468.147059 0.837257
468.381191 0.837483
468.61544 0.837684
468.849806 0.837885
469.08429 0.838075
469.318891 0.838278
469.553609 0.838455
469.788444 0.838625
470.023397 0.838852
470.258468 0.839032
470.493656 0.839233
470.728961 0.839419
470.964385 0.839585
471.199926 0.839759
471.435585 0.839961
471.671361 0.840148
471.907256 0.840309
472.143269 0.840488
472.379399 0.84066
472.615648 0.840832
472.852015 0.841
473.0885 0.841165
473.325103 0.841318
473.561825 0.841468
473.798665 0.841595
474.035624 0.841718
474.272701 0.841829
474.509897 0.841906
474.747211 0.841946
474.984644 0.841971
475.222195 0.841973
475.459866 0.841933
475.697655 0.841929
475.935564 0.841891
476.173591 0.841791
476.411737 0.841808
476.650003 0.841858
476.888387 0.841917
477.126891 0.842039
477.365514 0.842217
477.604257 0.842489
477.843119 0.842749
478.0821 0.843008
478.321201 0.843327
478.560421 0.843673
478.799761 0.844016
479.039221 0.844382
479.2788 0.844736
479.5185 0.845066
479.758319 0.845395
479.998258 0.845759
480.238317 0.846133
480.478496 0.846469
480.718796 0.846782
480.959215 0.847115
481.199755 0.847468
481.440415 0.847783
481.681195 0.84808
481.922096 0.848396
482.163117 0.848726
482.404259 0.84905
482.645522 0.849344
482.886905 0.849636
483.128409 0.849943
483.370033 0.850266
483.611779 0.850606
483.853645 0.85092
484.095632 0.851203
484.337741 0.851509
484.57997 0.851821
484.822321 0.852125
485.064792 0.852403
485.307385 0.852674
485.5501 0.852958
485.792936 0.853227
486.035893 0.853521
486.278972 0.85379
486.522172 0.854032
486.765494 0.854275
487.008937 0.854509
487.252503 0.854731
487.49619 0.854981
487.739999 0.855213
487.98393 0.855414
488.227983 0.855617
488.472158 0.855793
488.716455 0.85599
488.960874 0.856165
489.205416 0.856331
489.45008 0.856517
489.694866 0.856683
489.939775 0.856863
490.184806 0.857046
490.429959 0.857227
490.675236 0.857421
490.920635 0.857612
491.166156 0.857802
491.411801 0.858002
491.657568 0.858202
491.903458 0.8584
492.149472 0.858604
492.395608 0.858812
492.641867 0.859016
492.88825 0.859206
493.134756 0.859389
493.381385 0.85958
493.628137 0.859772
493.875013 0.859964
494.122012 0.860154
494.369135 0.860343
494.616381 0.860531
494.863751 0.860717
495.111245 0.860893
495.358863 0.861053
495.606604 0.861213
495.854469 0.861371
496.102458 0.86152
496.350572 0.861656
496.598809 0.86179
496.84717 0.861932
497.095656 0.862081
497.344266 0.862206
497.593 0.86232
497.841859 0.862433
498.090842 0.862537
498.33995 0.862627
498.589182 0.862715
498.838539 0.8628
499.088021 0.862882
499.337627 0.862942
499.587358 0.863012
499.837215 0.863072
500.087196 0.863136
500.337302 0.863184
500.587533 0.863252
500.837889 0.86331
501.088371 0.863351
501.338978 0.863407
501.58971 0.863464
501.840568 0.863485
502.091551 0.863491
502.342659 0.863675
502.593893 0.863677
502.845253 0.863708
503.096738 0.863605
503.34835 0.86388
503.600087 0.863302
503.85195 0.86343
504.103939 0.863964
504.356054 0.86367
504.608295 0.864323
504.860662 0.86463
505.113156 0.864781
505.365775 0.86496
505.618521 0.865176
505.871394 0.864744
506.124393 0.865384
506.377518 0.8658
506.63077 0.865855
506.884149 0.865819
507.137655 0.86631
507.391287 0.866425
507.645046 0.866846
507.898932 0.866828
508.152945 0.867101
508.407085 0.867549
508.661352 0.867734
508.915746 0.868026
509.170268 0.86841
509.424916 0.868403
509.679693 0.868718
509.934596 0.869066
510.189627 0.869242
510.444786 0.869373
510.700072 0.869677
510.955486 0.869871
511.211028 0.869978
511.466697 0.870223
511.722494 0.870361
511.978419 0.870538
512.234473 0.870673
512.490654 0.870814
512.746963 0.870962
513.003401 0.871109
513.259967 0.871241
513.516661 0.871374
513.773483 0.871508
514.030434 0.871636
514.287514 0.871766
514.544722 0.871902
514.802059 0.872015
515.059524 0.872125
515.317118 0.87226
515.574841 0.872393
515.832693 0.872527
516.090674 0.872659
516.348784 0.872794
516.607023 0.872926
516.865391 0.873059
517.123888 0.873195
517.382515 0.873331
517.641271 0.873469
517.900156 0.873603
518.159171 0.873725
518.418315 0.873828
518.677589 0.87396
518.936993 0.874093
519.196526 0.874215
519.456189 0.874336
519.715982 0.874457
519.975905 0.874577
520.235958 0.874676
520.496141 0.874766
520.756454 0.874827
521.016898 0.874905
521.277471 0.874993
521.538175 0.875056
521.79901 0.875123
522.059974 0.875197
522.32107 0.875237
522.582295 0.875266
522.843652 0.875309
523.105139 0.875339
523.366757 0.875354
523.628506 0.875367
523.890386 0.875392
524.152396 0.87536
524.414538 0.875362
524.676811 0.875367
524.939215 0.875374
525.20175 0.875372
525.464417 0.875374
525.727215 0.875412
525.990144 0.87541
526.253205 0.875398
526.516397 0.87538
526.779721 0.875341
527.043177 0.875341
527.306764 0.875335
527.570484 0.875352
527.834335 0.875334
528.098318 0.875345
528.362433 0.875349
528.62668 0.875341
528.89106 0.875337
529.155572 0.875364
529.420215 0.875386
529.684992 0.875412
529.9499 0.875419
530.214942 0.875469
530.480115 0.875489
530.745422 0.875536
531.010861 0.875599
531.276433 0.87565
531.542137 0.875718
531.807975 0.875798
532.073945 0.875895
532.340049 0.876005
532.606285 0.876113
532.872655 0.876226
533.139158 0.876351
533.405794 0.876498
533.672564 0.876664
533.939467 0.876836
534.206503 0.877017
534.473673 0.877184
534.740977 0.877402
535.008414 0.877608
535.275986 0.877817
535.54369 0.878026
535.811529 0.878234
536.079502 0.878436
536.347609 0.878615
536.61585 0.87879
536.884225 0.878975
537.152734 0.879137
537.421377 0.879305
537.690155 0.879445
537.959068 0.879614
538.228114 0.879725
538.497296 0.879831
538.766612 0.879963
539.036062 0.880081
539.305648 0.880159
539.575368 0.880276
539.845223 0.880335
540.115213 0.88046
540.385338 0.88048
540.655599 0.880608
540.925994 0.880498
541.196525 0.880564
541.467191 0.880499
541.737992 0.880841
542.008929 0.880813
542.280001 0.880874
542.551209 0.880924
542.822552 0.881119
543.094031 0.881127
543.365646 0.88123
543.637397 0.881021
543.909283 0.881211
544.181306 0.881415
544.453465 0.881393
544.72576 0.88157
544.998191 0.881447
545.270758 0.881704
545.543461 0.881799
545.816301 0.881694
546.089278 0.88183
546.362391 0.881852
546.63564 0.882105
546.909026 0.882197
547.182549 0.882273
547.456209 0.882432
547.730005 0.882526
548.003939 0.882567
548.278009 0.882725
548.552217 0.882858
548.826562 0.882944
549.101043 0.883077
549.375663 0.88316
549.650419 0.883233
549.925313 0.883347
550.200345 0.88344
550.475513 0.883542
550.75082 0.883652
551.026264 0.883689
551.301846 0.883794
551.577566 0.883883
551.853424 0.883963
552.12942 0.884057
552.405553 0.884128
552.681825 0.884204
552.958235 0.884273
553.234783 0.884319
553.51147 0.884375
553.788295 0.884443
554.065258 0.884505
554.34236 0.884561
554.619601 0.884604
554.89698 0.88463
555.174498 0.884663
555.452154 0.8847
555.72995 0.884733
556.007884 0.884747
556.285958 0.884742
556.56417 0.884766
556.842522 0.884773
557.121013 0.884754
557.399643 0.884754
557.678413 0.884746
557.957321 0.884723
558.23637 0.884695
558.515558 0.884653
558.794885 0.884594
559.074353 0.884551
559.35396 0.884514
559.633707 0.884461
559.913594 0.884414
560.19362 0.884357
560.473787 0.884309
560.754094 0.884252
561.034541 0.884169
561.315129 0.884114
561.595856 0.88405
561.876725 0.883968
562.157733 0.88391
562.438882 0.883846
562.720172 0.883781
563.001603 0.883716
563.283174 0.883654
563.564886 0.883602
563.846739 0.88354
564.128733 0.883464
564.410867 0.883408
564.693143 0.88337
564.975561 0.883283
565.258119 0.883231
565.540819 0.883155
565.82366 0.883101
566.106642 0.883032
566.389767 0.882955
566.673032 0.882876
566.95644 0.882792
567.239989 0.882659
567.52368 0.882532
567.807512 0.882459
568.091487 0.882335
568.375604 0.882069
568.659863 0.881678
568.944264 0.881513
569.228807 0.881342
569.513493 0.881213
569.798321 0.881468
570.083291 0.880764
570.368404 0.881018
570.653659 0.881176
570.939058 0.881035
571.224598 0.880839
571.510282 0.880698
571.796109 0.880478
572.082078 0.88009
572.368191 0.880204
572.654447 0.880269
572.940845 0.879931
573.227387 0.879898
573.514073 0.880033
573.800902 0.879688
574.087874 0.879982
574.374989 0.879835
574.662249 0.879557
574.949652 0.879991
575.237198 0.880048
575.524889 0.879897
575.812723 0.880158
576.100702 0.880193
576.388824 0.880242
576.67709 0.880573
576.965501 0.880608
577.254056 0.880767
577.542755 0.880944
577.831599 0.881268
578.120587 0.881573
578.409719 0.881845
578.698997 0.882266
578.988418 0.882634
579.277985 0.883123
579.567696 0.883648
579.857553 0.884214
580.147554 0.8848
580.4377 0.885415
580.727992 0.885913
581.018428 0.886537
581.30901 0.887059
581.599737 0.88751
581.89061 0.888
582.181628 0.888481
582.472792 0.888874
582.764101 0.889318
583.055556 0.88962
583.347156 0.890007
583.638903 0.890336
583.930795 0.890679
584.222834 0.89098
584.515018 0.891278
584.807349 0.891527
585.099826 0.891806
585.392449 0.892044
585.685218 0.892292
585.978134 0.892489
586.271196 0.892592
586.564405 0.892907
586.857761 0.892919
587.151263 0.892921
587.444912 0.893315
587.738708 0.892794
588.032651 0.892998
588.32674 0.892048
588.620977 0.891907
588.915361 0.891022
589.209893 0.890563
589.504571 0.892298
589.799397 0.892246
590.094371 0.890359
590.389492 0.89158
590.68476 0.893821
590.980177 0.892504
591.275741 0.893067
591.571452 0.892684
591.867312 0.89273
592.16332 0.890812
592.459475 0.890931
592.755779 0.89403
593.052231 0.893885
593.348831 0.892798
593.64558 0.894132
593.942477 0.894307
594.239523 0.891135
594.536717 0.891392
594.834059 0.890844
595.131551 0.892004
595.429191 0.894056
595.72698 0.893348
596.024918 0.891884
596.323005 0.89393
596.621241 0.894184
596.919626 0.891256
597.218161 0.893128
597.516844 0.894071
597.815677 0.891852
598.11466 0.893818
598.413792 0.893778
598.713074 0.893605
599.012505 0.893323
599.312086 0.893296
599.611817 0.893744
599.911698 0.893838
600.211729 0.893799
600.51191 0.893887
600.812241 0.894244
601.112722 0.894209
601.413354 0.894303
601.714136 0.894173
602.015068 0.894487
602.316151 0.89466
602.617384 0.894738
602.918768 0.894824
603.220303 0.895013
603.521988 0.895197
603.823825 0.895362
604.125812 0.89553
604.427951 0.895707
604.73024 0.89588
605.032681 0.896044
605.335273 0.896258
605.638016 0.896464
605.940911 0.896655
606.243957 0.896879
606.547155 0.897108
606.850504 0.897319
607.154005 0.89757
607.457658 0.897821
607.761463 0.898061
608.06542 0.898295
608.369529 0.898535
608.673789 0.898798
608.978202 0.899024
609.282768 0.899299
609.587485 0.89957
609.892355 0.899823
610.197378 0.900073
610.502553 0.900347
610.80788 0.900579
611.11336 0.900845
611.418994 0.901096
611.724779 0.901322
612.030718 0.90156
612.33681 0.901815
612.643055 0.902038
612.949453 0.902258
613.256005 0.902469
613.562709 0.902681
613.869567 0.902916
614.176579 0.903132
614.483744 0.903331
614.791063 0.903541
615.098535 0.903742
615.406161 0.903941
615.713941 0.904149
616.021875 0.904344
616.329963 0.904521
616.638205 0.904704
616.946601 0.904895
617.255152 0.905049
617.563857 0.905232
617.872716 0.905396
618.181729 0.905542
618.490897 0.905684
618.80022 0.905825
619.109698 0.905974
619.41933 0.906093
619.729117 0.906203
620.039059 0.906313
620.349156 0.906439
620.659408 0.906518
620.969816 0.906613
621.280378 0.906725
621.591096 0.906814
621.901969 0.906886
622.212998 0.906946
622.524182 0.907006
622.835522 0.907075
623.147018 0.907131
623.458669 0.907207
623.770477 0.907274
624.08244 0.907321
624.394559 0.907364
624.706834 0.9074
625.019266 0.907453
625.331854 0.907543
625.644598 0.907606
625.957498 0.907654
626.270555 0.90763
626.583769 0.907768
626.897139 0.907636
627.210666 0.90786
627.52435 0.907795
627.83819 0.878333
628.152188 0.879098
628.466343 0.896265
628.780654 0.906715
629.095123 0.898068
629.409749 0.898257
629.724533 0.897848
630.039474 0.898303
630.354573 0.900154
630.669829 0.905668
630.985242 0.906374
631.300814 0.904682
631.616543 0.906635
631.93243 0.909003
632.248476 0.909367
632.564679 0.909605
632.88104 0.911516
633.19756 0.911131
633.514238 0.911844
633.831074 0.912354
634.148069 0.912754
634.465222 0.913081
634.782534 0.913338
635.100005 0.913923
635.417634 0.914335
635.735423 0.914751
636.05337 0.91499
636.371476 0.91536
636.689741 0.91589
637.008166 0.916129
637.32675 0.916365
637.645493 0.916897
637.964395 0.917271
638.283457 0.917566
638.602679 0.917876
638.92206 0.918243
639.241601 0.918522
639.561301 0.918871
639.881162 0.919177
640.201183 0.919486
640.521363 0.919792
640.841704 0.920067
641.162205 0.920302
641.482866 0.920639
641.803688 0.920873
642.12467 0.92114
642.445812 0.921455
642.767116 0.921564
643.08858 0.921892
643.410204 0.922032
643.73199 0.922355
644.053936 0.922546
644.376044 0.922763
644.698312 0.922908
645.020742 0.923043
645.343333 0.923399
645.666086 0.923331
645.988999 0.92297
646.312075 0.923417
646.635311 0.923138
646.95871 0.922955
647.28227 0.922871
647.605992 0.920295
647.929876 0.923755
648.253922 0.922642
648.57813 0.921815
648.9025 0.924073
649.227033 0.923498
649.551727 0.923965
649.876584 0.923784
650.201604 0.926164
650.526786 0.92572
650.852131 0.926464
651.177638 0.926081
651.503308 0.924037
651.829141 0.922219
652.155138 0.925907
652.481297 0.925791
652.807619 0.927519
653.134104 0.927592
653.460753 0.926085
653.787565 0.927469
654.114541 0.928232
654.44168 0.926052
654.768982 0.928357
655.096449 0.926796
655.424079 0.92681
655.751873 0.928193
656.079831 0.928597
656.407953 0.928753
656.736239 0.928509
657.064689 0.929261
657.393303 0.928788
657.722082 0.928631
658.051025 0.930313
658.380133 0.929737
658.709406 0.929808
659.038843 0.9307
659.368445 0.930894
659.698211 0.930919
660.028143 0.930929
660.358239 0.931266
660.688501 0.931549
661.018928 0.931832
661.34952 0.931814
661.680277 0.932152
662.0112 0.932298
662.342289 0.932425
662.673543 0.93259
663.004962 0.932718
663.336548 0.932899
663.668299 0.933103
664.000216 0.933262
664.332299 0.933322
664.664548 0.933566
664.996964 0.93371
665.329545 0.933916
665.662293 0.934081
665.995208 0.934263
666.328288 0.934369
666.661536 0.934566
666.99495 0.934772
667.328531 0.934903
667.662279 0.9351
667.996193 0.935269
668.330275 0.935435
668.664523 0.93557
668.998939 0.935756
669.333522 0.935921
669.668273 0.936082
670.003191 0.936239
670.338276 0.936402
670.673529 0.93656
671.00895 0.936716
671.344538 0.936878
671.680294 0.937039
672.016218 0.937198
672.35231 0.937354
672.688571 0.937512
673.024999 0.937669
673.361596 0.937818
673.698361 0.937972
674.035294 0.938121
674.372396 0.93826
674.709667 0.938401
675.047106 0.938543
675.384714 0.938692
675.72249 0.938835
676.060436 0.938981
676.398551 0.939129
676.736835 0.939274
677.075288 0.939416
677.41391 0.939556
677.752702 0.939696
678.091663 0.939836
678.430793 0.939966
678.770094 0.940097
679.109564 0.940226
679.449203 0.940352
679.789013 0.940467
680.128992 0.940594
680.469142 0.94071
680.809461 0.94083
681.149951 0.940964
681.490611 0.941056
681.831442 0.941172
682.172443 0.9413
682.513614 0.941368
682.854957 0.941499
683.196469 0.94162
683.538153 0.941731
683.880008 0.941868
684.222033 0.941907
684.56423 0.942049
684.906597 0.942182
685.249136 0.94237
685.591846 0.94239
685.934728 0.942591
686.277781 0.942634
686.621006 0.942311
686.964402 0.715346
687.30797 0.694091
687.65171 0.783729
687.995622 0.82232
688.339706 0.919784
688.683962 0.863079
689.02839 0.807002
689.37299 0.837797
689.717763 0.855765
690.062708 0.882908
690.407826 0.895357
690.753116 0.866409
691.098579 0.879264
691.444214 0.892137
691.790023 0.941597
692.136005 0.904774
692.482159 0.91297
692.828487 0.943163
693.174988 0.921137
693.521662 0.935175
693.868509 0.935208
694.21553 0.931566
694.562725 0.937731
694.910093 0.937017
695.257635 0.940968
695.605351 0.942124
695.95324 0.938108
696.301304 0.938576
696.649542 0.944994
696.997954 0.946624
697.34654 0.945276
697.6953 0.946604
698.044235 0.945347
698.393344 0.945894
698.742628 0.942833
699.092087 0.940665
699.44172 0.942017
699.791529 0.946895
700.141512 0.942176
700.49167 0.945066
700.842004 0.942686
701.192512 0.94404
701.543196 0.947393
701.894056 0.941683
702.24509 0.946294
702.596301 0.944254
702.947687 0.941439
703.299248 0.94835
703.650986 0.948789
704.002899 0.943181
704.354989 0.947671
704.707254 0.948037
705.059696 0.948235
705.412314 0.944516
705.765109 0.94752
706.118079 0.947913
706.471227 0.948072
706.824551 0.947444
707.178051 0.949214
707.531729 0.948497
707.885583 0.94822
708.239614 0.948469
708.593823 0.94971
708.948208 0.94858
709.302771 0.94971
709.657511 0.949367
710.012428 0.949392
710.367523 0.949456
710.722796 0.949435
711.078246 0.949976
711.433874 0.950083
711.78968 0.950481
712.145664 0.949879
712.501826 0.95037
712.858166 0.950268
713.214684 0.949945
713.57138 0.95055
713.928255 0.950168
714.285309 0.950426
714.642541 0.950179
714.999951 0.949324
715.357541 0.949144
715.715309 0.949963
716.073256 0.949348
716.431382 0.949154
716.789687 0.943317
717.148172 0.932077
717.506836 0.926909
717.865679 0.922187
718.224701 0.930018
718.583904 0.919116
718.943285 0.903843
719.302847 0.919782
719.662588 0.924304
720.022509 0.934578
720.382611 0.912957
720.742892 0.908102
721.103354 0.944617
721.463995 0.949888
721.824818 0.944867
722.18582 0.951436
722.547004 0.943304
722.908367 0.944461
723.269912 0.947059
723.631637 0.903365
723.993544 0.946294
724.355631 0.923615
724.717899 0.921817
725.080349 0.941348
725.44298 0.914795
725.805792 0.947206
726.168785 0.941589
726.531961 0.935831
726.895317 0.932996
727.258856 0.947591
727.622576 0.923
727.986479 0.922779
728.350563 0.946713
728.714829 0.953978
729.079278 0.921529
729.443908 0.940569
729.808722 0.945787
730.173717 0.946193
730.538895 0.928348
730.904256 0.950275
731.2698 0.941009
731.635526 0.944924
732.001435 0.938953
732.367527 0.953827
732.733803 0.951298
733.100261 0.951581
733.466903 0.947932
733.833728 0.952929
734.200737 0.954897
734.567929 0.952095
734.935305 0.954595
735.302864 0.951872
735.670608 0.953721
736.038535 0.954077
736.406646 0.950418
736.774942 0.95445
737.143421 0.952078
737.512085 0.954865
737.880933 0.955054
738.249966 0.95586
738.619183 0.953768
738.988585 0.956465
739.358172 0.954138
739.727943 0.955266
740.0979 0.956285
740.468041 0.956755
740.838368 0.956663
741.20888 0.956229
741.579577 0.956905
741.950459 0.957199
742.321527 0.956954
742.692781 0.956811
743.06422 0.957458
743.435845 0.957518
743.807656 0.957532
744.179653 0.95739
744.551836 0.957642
744.924205 0.957736
745.29676 0.957692
745.669502 0.957767
746.04243 0.957816
746.415544 0.957932
746.788845 0.957963
747.162333 0.958002
747.536007 0.958116
747.909869 0.958152
748.283917 0.958244
748.658153 0.95833
749.032576 0.9584
749.407186 0.958495
749.781983 0.958587
750.156968 0.958693
750.53214 0.958776
750.9075 0.9589
751.283047 0.959005
751.658783 0.959096
752.034706 0.959198
752.410818 0.959309
752.787117 0.959414
753.163605 0.959513
753.540281 0.959617
753.917145 0.959712
754.294198 0.959803
754.671439 0.959901
755.048869 0.959989
755.426488 0.96008
755.804296 0.960167
756.182292 0.960249
756.560478 0.960334
756.938853 0.960414
757.317417 0.96049
757.69617 0.960562
758.075113 0.960636
758.454246 0.96066
758.833567 0.960376
759.213079 0.958568
759.592781 0.714989
759.972672 0.447875
760.352753 0.339329
760.733025 0.267597
761.113486 0.357143
761.494138 0.551465
761.874981 0.718134
762.256013 0.783861
762.637237 0.58994
763.018651 0.552064
763.400255 0.544246
763.782051 0.555812
764.164037 0.588956
764.546215 0.696089
764.928584 0.75883
765.311143 0.758323
765.693895 0.729689
766.076837 0.79518
766.459972 0.934116
766.843297 0.827481
767.226815 0.863973
767.610524 0.958518
767.994425 0.894521
768.378519 0.939261
768.762804 0.939336
769.147282 0.933455
769.531951 0.960184
769.916814 0.946392
770.301868 0.958147
770.687115 0.958562
771.072555 0.960902
771.458188 0.960445
771.844014 0.960952
772.230032 0.961028
772.616244 0.961169
773.002648 0.962039
773.389246 0.961984
773.776038 0.961768
774.163022 0.962
774.550201 0.962195
774.937573 0.962567
775.325138 0.962361
775.712898 0.96247
776.100851 0.962639
776.488999 0.962595
776.87734 0.962663
777.265876 0.962727
777.654606 0.962737
778.043531 0.962797
778.43265 0.962833
778.821963 0.962878
779.211472 0.962914
779.601175 0.962965
779.991073 0.963041
780.381166 0.963068
780.771454 0.963177
781.161937 0.963232
781.552616 0.963314
781.94349 0.963364
782.33456 0.963413
782.725825 0.963525
783.117285 0.963603
783.508942 0.963671
783.900794 0.963743
784.292843 0.963676
784.685087 0.963676
785.077528 0.963939
785.470165 0.963959
785.862998 0.963936
786.256028 0.964015
786.649254 0.962854
787.042677 0.963498
787.436297 0.963681
787.830114 0.962567
788.224127 0.963094
788.618338 0.964044
789.012745 0.962313
789.40735 0.960979
789.802153 0.960623
790.197153 0.96254
790.59235 0.96238
790.987745 0.961317
791.383338 0.963675
791.779128 0.96286
792.175117 0.961912
792.571304 0.963374
792.967688 0.961779
793.364271 0.96446
793.761053 0.965403
794.158032 0.965409
794.555211 0.964956
794.952588 0.964692
795.350163 0.964693
795.747938 0.964768
796.145911 0.960441
796.544084 0.960184
796.942455 0.96396
797.341026 0.964191
797.739796 0.964801
798.138766 0.964925
798.537935 0.964012
798.937304 0.964854
799.336873 0.965194
799.736641 0.965122
800.136609 0.961577
800.536778 0.965279
800.937146 0.962111
801.337715 0.963588
801.738484 0.964568
802.139453 0.964499
802.540623 0.963187
802.941994 0.963305
803.343565 0.965897
803.745338 0.962874
804.147311 0.965418
804.549485 0.963658
804.95186 0.964985
805.354437 0.966061
805.757215 0.96618
806.160194 0.966007
806.563375 0.965402
806.966757 0.966579
807.370342 0.965521
807.774128 0.966111
808.178116 0.965779
808.582306 0.964638
808.986698 0.966474
809.391293 0.965609
809.79609 0.963659
810.201089 0.964991
810.606291 0.965414
811.011695 0.963291
811.417302 0.960826
811.823112 0.96543
812.229126 0.961596
812.635342 0.960275
813.041761 0.962494
813.448383 0.946224
813.855209 0.953335
814.262239 0.944601
814.669472 0.955171
815.076908 0.937363
815.484549 0.941126
815.892393 0.940282
816.300441 0.919967
816.708693 0.929333
817.11715 0.922052
817.52581 0.963785
817.934676 0.905486
818.343745 0.945358
818.753019 0.95226
819.162498 0.934429
819.572182 0.943566
819.98207 0.934682
820.392164 0.953123
820.802463 0.96637
821.212966 0.963043
821.623676 0.960095
822.03459 0.955121
822.44571 0.951204
822.857036 0.891272
823.268567 0.896921
823.680305 0.94937
824.092248 0.958505
824.504397 0.946248
824.916752 0.967456
825.329314 0.96256
825.742081 0.945436
826.155056 0.956956
826.568237 0.960149
826.981624 0.967671
827.395218 0.957577
827.809019 0.933154
828.223027 0.94435
828.637242 0.957846
829.051664 0.933109
829.466294 0.95372
829.881131 0.960331
830.296175 0.95657
830.711427 0.943507
831.126887 0.967677
831.542554 0.959953
831.958429 0.950234
832.374512 0.943262
832.790804 0.96813
833.207303 0.960742
833.624011 0.960275
834.040927 0.957573
834.458052 0.966832
834.875385 0.969197
835.292927 0.965724
835.710678 0.965492
836.128638 0.96435
836.546807 0.965414
836.965185 0.966636
837.383772 0.968861
837.802569 0.964376
838.221575 0.969689
838.64079 0.967268
839.060216 0.969055
839.479851 0.969301
839.899696 0.968968
840.31975 0.969784
840.740015 0.968705
841.16049 0.967746
841.581176 0.969302
842.002072 0.969011
842.423178 0.970638
842.844495 0.970334
843.266023 0.969567
843.687761 0.969363
844.10971 0.970034
844.531871 0.970073
844.954242 0.970713
845.376825 0.970508
845.799619 0.970917
846.222625 0.970215
846.645842 0.970818
847.06927 0.970947
847.492911 0.970914
847.916763 0.970767
848.340828 0.970439
848.765104 0.97061
849.189593 0.970956
849.614294 0.970659
850.039207 0.970628
850.464333 0.970901
850.889672 0.970751
851.315223 0.969684
851.740987 0.970815
852.166964 0.970443
852.593154 0.970939
853.019557 0.970928
853.446174 0.971155
853.873003 0.970719
854.300047 0.970446
854.727303 0.971179
855.154774 0.97132
855.582458 0.970994
856.010356 0.971322
856.438469 0.971465
856.866795 0.971667
857.295335 0.971293
857.72409 0.971396
858.15306 0.971741
858.582243 0.971841
859.011642 0.971875
859.441255 0.97167
859.871083 0.972022
860.301126 0.972078
860.731384 0.972119
861.161858 0.972098
861.592546 0.972238
862.02345 0.972256
862.45457 0.972296
862.885905 0.972245
863.317456 0.972403
863.749222 0.972481
864.181205 0.972588
864.613403 0.972659
865.045818 0.972695
865.478449 0.9727
865.911297 0.972782
866.344361 0.972787
866.777641 0.972829
867.211138 0.972892
867.644852 0.972946
868.078783 0.973038
868.512931 0.97308
868.947296 0.973073
869.381879 0.973096
869.816678 0.973215
870.251695 0.973238
870.68693 0.973276
871.122382 0.973306
871.558052 0.973364
871.99394 0.973408
872.430046 0.973453
872.86637 0.973495
873.302913 0.973527
873.739673 0.973531
874.176652 0.973604
874.61385 0.973627
875.051266 0.973643
875.488901 0.973713
875.926755 0.97369
876.364828 0.97374
876.80312 0.973787
877.241631 0.973802
877.680362 0.973866
878.119312 0.973775
878.558481 0.973854
878.99787 0.973878
879.437479 0.973939
879.877308 0.974028
880.317356 0.973905
880.757625 0.973811
881.198114 0.973851
881.638823 0.974051
882.079753 0.973592
882.520903 0.974089
882.962274 0.974223
883.403865 0.973879
883.845678 0.973962
884.287711 0.974167
884.729965 0.974147
885.172441 0.974291
885.615138 0.974044
886.058056 0.972538
886.501196 0.974423
886.944557 0.973569
887.388141 0.974349
887.831946 0.974415
888.275973 0.972262
888.720222 0.974523
889.164693 0.97455
889.609386 0.974268
890.054302 0.9737
890.499441 0.973951
890.944802 0.974025
891.390386 0.974371
891.836192 0.972607
892.282222 0.973848
892.728474 0.973982
893.17495 0.967357
893.621649 0.968898
894.068572 0.971562
894.515718 0.96932
894.963088 0.962189
895.410681 0.964102
895.858498 0.948008
896.30654 0.94736
896.754805 0.931506
897.203295 0.939539
897.652008 0.949862
898.100947 0.934333
898.550109 0.969693
898.999497 0.882787
899.449109 0.890779
899.898946 0.973549
900.349008 0.914896
