col0 col1
360.0 11.632983088266272
361.0 10.70214940094268
362.0 12.017438810017929
363.0 11.820255910239876
364.0 12.374678349386702
365.0 12.924588709286347
366.0 12.88645129472544
367.0 14.536056958832782
368.0 15.01213557329127
369.0 15.021326412418349
370.0 14.97077679111375
371.0 15.464171103254758
372.0 15.746441148148165
373.0 16.080421252359187
374.0 16.89704212598637
375.0 17.799830758746044
376.0 18.020136292673495
377.0 19.235856624580105
378.0 20.028737860986112
379.0 20.052938224642894
380.0 23.536111975534613
381.0 25.632925775355858
382.0 27.215406800507385
383.0 32.74674207580756
384.0 39.98943923206979
385.0 68.36885397891322
386.0 191.20259323648685
387.0 695.8683262452256
388.0 2324.6304561107927
389.0 6381.529159870336
390.0 15230.731094770988
391.0 31595.927526570373
392.0 57318.61152312269
393.0 93077.50466259455
394.0 135300.00130462373
395.0 177557.2233315074
396.0 216609.42730619336
397.0 250676.75751419453
398.0 275915.66934427724
399.0 296348.1293301195
400.0 318295.9523893022
401.0 337557.6656029653
402.0 353706.25469078217
403.0 369162.86875384196
404.0 381457.8922493062
405.0 389694.37160267495
406.0 394599.58649509016
407.0 399705.77012514253
408.0 405874.99878127116
409.0 412328.42549521575
410.0 420695.2296727961
411.0 428660.6433478111
412.0 436250.1707393222
413.0 441191.53270739166
414.0 444883.053621847
415.0 446892.55695895595
416.0 448330.1539503326
417.0 450593.276150094
418.0 453518.9499254134
419.0 457449.05268656474
420.0 461719.5864200958
421.0 465579.4687829208
422.0 468638.9694076731
423.0 470987.71284179756
424.0 471852.37827708013
425.0 473822.2692170525
426.0 475753.7860444411
427.0 479011.4574871396
428.0 482361.0017987887
429.0 486203.80039028684
430.0 489341.0676120515
431.0 492497.7277169457
432.0 494142.09524238814
433.0 494560.9020673589
434.0 494778.68566533737
435.0 495467.71262318885
436.0 495855.53091268084
437.0 497319.1903741212
438.0 499447.7940160476
439.0 501382.7446473842
440.0 503660.21047645994
441.0 505483.18268878077
442.0 507299.8746564773
443.0 508487.17904258484
444.0 509168.20653285424
445.0 509471.96634996333
446.0 509397.10700838605
447.0 510072.84458589705
448.0 511234.40368932276
449.0 511862.1473275656
450.0 513438.08997873013
451.0 514815.0377507468
452.0 516929.0012506834
453.0 519196.4023840941
454.0 521233.19836195424
455.0 522321.4695492477
456.0 523190.51462297153
457.0 524165.83847072825
458.0 525644.8625680533
459.0 526792.4428248155
460.0 527453.4584439936
461.0 528940.9541352018
462.0 530904.4710039827
463.0 532786.4388340319
464.0 534668.3893414112
465.0 536504.7102147449
466.0 537812.2028095233
467.0 538638.2235901539
468.0 540024.597253291
469.0 540289.461869509
470.0 540747.6743303222
471.0 541279.603016205
472.0 542489.0443435971
473.0 543559.7785850777
474.0 545700.5476607376
475.0 547119.9300649345
476.0 548896.311575077
477.0 551596.3652829865
478.0 553759.5937378346
479.0 556420.1768039851
480.0 558425.7342541832
481.0 559972.3199390558
482.0 561678.5801566063
483.0 562590.0781682314
484.0 562666.954547422
485.0 562598.0097123656
486.0 563007.6997594442
487.0 563759.7393346337
488.0 564261.0145827192
489.0 564766.2814757181
490.0 566397.9719053018
491.0 566570.1043278348
492.0 567148.4068693429
493.0 567629.6100179103
494.0 568253.3939418208
495.0 568992.5589713741
496.0 570367.2851097953
497.0 571949.2744360908
498.0 572944.0814402464
499.0 573199.1439155809
500.0 573020.8873885098
501.0 572598.908183702
502.0 572325.2049972933
503.0 572576.1885669
504.0 572499.7461089663
505.0 571461.1279881981
506.0 570481.9442145278
507.0 569475.8265232765
508.0 568249.5984951536
509.0 568711.8900695024
510.0 569427.0148823087
511.0 571484.3251355434
512.0 573784.619195603
513.0 576970.9980365395
514.0 578653.0151103453
515.0 580894.7794911134
516.0 582515.4008979887
517.0 582760.7795307637
518.0 583256.4927451072
519.0 583036.4482534785
520.0 583023.5787509063
521.0 582501.7872008341
522.0 582390.5591163767
523.0 582368.4625692911
524.0 582239.5322888385
525.0 583036.8880011104
526.0 582596.1724650854
527.0 581720.7693938491
528.0 579746.1525698379
529.0 577076.0877003368
530.0 573459.4171720302
531.0 570462.6146140896
532.0 566683.6800109413
533.0 563409.8202816253
534.0 559747.1502591119
535.0 556383.5164560828
536.0 554984.453789256
537.0 553845.4782320971
538.0 552859.7018329195
539.0 550269.1040748414
540.0 547356.5734605282
541.0 543670.0594000826
542.0 539896.3537406314
543.0 536962.723858293
544.0 536174.8463240487
545.0 534254.3264422646
546.0 530329.5057923433
547.0 520476.2293665185
548.0 500338.5274938995
549.0 467501.38342883997
550.0 420434.94226121745
551.0 364666.0975427412
552.0 310117.08852295193
553.0 262755.8844436815
554.0 225120.48308136952
555.0 196975.20966533042
556.0 173588.76998430735
557.0 147399.6969100415
558.0 116175.67378766176
559.0 79572.74715207132
560.0 45405.77617783466
561.0 22296.491961349264
562.0 10359.670784798458
563.0 5052.428836290587
564.0 2569.2550154422484
565.0 1358.3928542023623
566.0 776.3432698236295
567.0 457.1298524438686
568.0 274.60425763495965
569.0 174.24040177721525
570.0 115.19159587483475
571.0 78.04604236560051
572.0 54.164784780271425
573.0 39.43052298367313
574.0 28.498883921549783
575.0 23.88047205189912
576.0 18.709888652628656
577.0 15.41998911994718
578.0 13.341409721931456
579.0 11.460617991236534
580.0 11.204402715096839
581.0 9.927490453445657
582.0 9.190501834482697
583.0 9.261401388668213
584.0 8.378672852495471
585.0 8.517488854497161
586.0 7.293174715303983
587.0 7.227189714201616
588.0 7.435865881189847
589.0 8.805132487558195
