wavelength transmittance
500.0 7.773879671936534e-06
501.0 7.689687276141306e-06
502.0 9.51726191252468e-06
503.0 7.514129434283353e-06
504.0 9.089728812250836e-06
505.0 8.012837891845385e-06
506.0 5.710046066590042e-06
507.0 7.029864806687262e-06
508.0 9.017571733096208e-06
509.0 7.189556512659278e-06
510.0 8.03538383781419e-06
511.0 7.766385419444735e-06
512.0 7.0453116095835805e-06
513.0 7.12221392575041e-06
514.0 6.350515967848725e-06
515.0 9.903230559853442e-06
516.0 8.408254117906384e-06
517.0 7.774893454937049e-06
518.0 7.036186738314739e-06
519.0 7.365841654236511e-06
520.0 1.0258092581813232e-05
521.0 9.120069533657451e-06
522.0 1.015043992326351e-05
523.0 4.514026949750711e-06
524.0 9.542863085190898e-06
525.0 1.003702216449241e-05
526.0 1.0703468591146665e-05
527.0 1.2861394375265627e-05
528.0 2.4129458675546687e-05
529.0 4.838067106403245e-05
530.0 0.00010271091128140923
531.0 0.00023109218227996238
532.0 0.000521646002320123
533.0 0.0011218930553356632
534.0 0.0022851211386467176
535.0 0.004381749985653254
536.0 0.007931434734411482
537.0 0.013159324348983885
538.0 0.020700275560619246
539.0 0.03124050512259473
540.0 0.04518747104274262
541.0 0.06195583580259161
542.0 0.08258581166078192
543.0 0.10699718271768034
544.0 0.13317813373830584
545.0 0.16169808477008193
546.0 0.1926836935244507
547.0 0.22366113374947924
548.0 0.255283660372238
549.0 0.2851136222271241
550.0 0.3135324632776019
551.0 0.3381962496609039
552.0 0.36397933051542075
553.0 0.38837426287632926
554.0 0.41385257800874675
555.0 0.43918561285869173
556.0 0.46618054448315854
557.0 0.49345457579665847
558.0 0.5140474986628035
559.0 0.5298860937080178
560.0 0.5427416031842469
561.0 0.5523134769760104
562.0 0.5610303780654673
563.0 0.569896955656493
564.0 0.5786043139896119
565.0 0.5865168346063562
566.0 0.5958347646782578
567.0 0.6013031827453659
568.0 0.6105944661607503
569.0 0.6144439363527245
570.0 0.6215511730659095
571.0 0.6286920401278538
572.0 0.6330470350441662
573.0 0.6355454892849862
574.0 0.6386321217946616
575.0 0.6414622672752616
576.0 0.6437590782416921
577.0 0.6496687258490947
578.0 0.6524348924333097
579.0 0.6565716935213349
580.0 0.6617349113658747
581.0 0.6680745399044624
582.0 0.6703926089756246
583.0 0.6705750487659987
584.0 0.6744341842337696
585.0 0.6763032135105097
586.0 0.6787634411154195
587.0 0.6832680801393446
588.0 0.6817618265398027
589.0 0.6797390702025443
590.0 0.6804909391697042
591.0 0.6867318081158171
592.0 0.6856300495853744
593.0 0.689828408196962
594.0 0.6928854111378301
595.0 0.690130014423407
596.0 0.6897681787378951
597.0 0.6880890531177158
598.0 0.687870780683117
599.0 0.6882125985590484
600.0 0.6889528432029189
601.0 0.6921668633502043
602.0 0.6934102634180247
603.0 0.6973392720283396
604.0 0.6992741408282853
605.0 0.699139336174411
606.0 0.7001698720691848
607.0 0.7034438758047354
608.0 0.7017895321685157
609.0 0.7037996048393192
610.0 0.7066823553002584
611.0 0.7076213725594036
612.0 0.7081827657957941
613.0 0.7098941532795313
614.0 0.7129116367466869
615.0 0.7126088619956426
616.0 0.7105172111261783
617.0 0.7117768029563724
618.0 0.7134359414899573
619.0 0.7126387069355724
620.0 0.7106541772242256
621.0 0.7074151661380655
622.0 0.7069090009413193
623.0 0.7060612171797493
624.0 0.707895532885365
625.0 0.7066890875544976
626.0 0.7116122942685862
627.0 0.7093892609463156
628.0 0.6902092827183293
629.0 0.7022305122140347
630.0 0.6989644508546661
631.0 0.703539775384886
632.0 0.7023123054990642
633.0 0.701651816984829
634.0 0.7026664602062402
635.0 0.7082953854512336
636.0 0.7097282552410263
637.0 0.7136760848954743
638.0 0.7159963243786778
639.0 0.719188050015783
640.0 0.7195349363564117
641.0 0.7170841207077672
642.0 0.713939241943807
643.0 0.7136983051418738
644.0 0.7177789458820049
645.0 0.7227577266246046
646.0 0.7283244561360547
647.0 0.7300275323363
648.0 0.7357183064533616
649.0 0.7382173931547115
650.0 0.74312220835365
651.0 0.7433502019745527
652.0 0.7366931899943244
653.0 0.7363182038249224
654.0 0.7432108903784491
655.0 0.7435608702018898
656.0 0.7455478514311832
657.0 0.7487379489374449
658.0 0.7474499944174771
659.0 0.7498549197283723
660.0 0.7485693053598556
661.0 0.7475970896202158
662.0 0.7491498596817986
663.0 0.7493938525870635
664.0 0.7474069243822218
665.0 0.7478488822740573
666.0 0.7467245784102948
667.0 0.7429163418945282
668.0 0.7436581065469039
669.0 0.7406752504841656
670.0 0.7415636672212519
671.0 0.7445868844404792
672.0 0.741370986945238
673.0 0.7475496985760842
674.0 0.7505852995892878
675.0 0.7465594533657597
676.0 0.7499234820654426
677.0 0.7478135518102537
678.0 0.7455423750470497
679.0 0.7476916354998026
680.0 0.7379264222217695
681.0 0.7436666083605592
682.0 0.7381327712419615
683.0 0.7405040101450483
684.0 0.7335169638863668
685.0 0.7329283234211255
686.0 0.7192702387704278
687.0 0.5357250395250924
688.0 0.6022449052647011
689.0 0.5780087905398561
690.0 0.6031452549414128
691.0 0.5805489377648094
692.0 0.5914550155993477
693.0 0.5842024818787588
694.0 0.5734281239805823
695.0 0.555563637907322
696.0 0.5337303502506484
697.0 0.4998581900107398
698.0 0.44672159533922684
699.0 0.3834091415275762
700.0 0.3170098840323484
701.0 0.2517025903379008
702.0 0.1956152075682745
703.0 0.14757564964883146
704.0 0.1127664525767502
705.0 0.08593536568832733
706.0 0.06631559742334484
707.0 0.05279722496889795
708.0 0.041739693357845456
709.0 0.032579206662819625
710.0 0.024447246364755607
711.0 0.018001053542068324
712.0 0.012588429934786342
713.0 0.008375449917374765
714.0 0.005250669869381965
715.0 0.003129103897057236
716.0 0.0018490474351181287
717.0 0.0010863633086072003
718.0 0.0006552675462098875
719.0 0.00039210208086669563
720.0 0.00026268231245032655
721.0 0.0001746317891456533
722.0 0.00011809151598932629
723.0 7.710586694025301e-05
724.0 5.141193432096148e-05
725.0 4.1890847722861174e-05
726.0 4.116990959761889e-05
727.0 3.5978729545771694e-05
728.0 2.782151115252152e-05
729.0 1.8564003664148673e-05
730.0 1.3009019851305058e-05
731.0 8.84618332722388e-06
732.0 2.177056784738267e-05
733.0 7.445304053018573e-06
734.0 1.915153887321724e-05
735.0 8.228013332279047e-06
736.0 1.941661826946933e-05
737.0 2.0430029075075947e-05
738.0 1.01960421492332e-05
739.0 4.841140819362491e-07
740.0 4.170320927761654e-06
741.0 1.4473928851423738e-05
742.0 8.398366267961634e-06
743.0 1.5909865481344832e-06
744.0 1.0827798864038319e-05
745.0 5.342213345837304e-06
746.0 3.507087506643908e-06
747.0 1.750647283272436e-05
748.0 8.454115723018876e-06
749.0 7.893322377375514e-06
