col0 col1
800.0 8.361438525958019e-06
801.0 7.4146358015242675e-06
802.0 7.403489269958182e-06
803.0 7.529962248566326e-06
804.0 7.584016103208075e-06
805.0 7.494185982162725e-06
806.0 7.759749605590992e-06
807.0 7.880115614961238e-06
808.0 8.260488221983909e-06
809.0 8.141582351889791e-06
810.0 8.62758220149193e-06
811.0 8.648571109830977e-06
812.0 9.853129271225074e-06
813.0 1.0556239641505475e-05
814.0 1.2385109558363388e-05
815.0 1.4446114115461303e-05
816.0 1.5480401971615388e-05
817.0 1.6069923576791815e-05
818.0 1.785733556827888e-05
819.0 2.1047859913670784e-05
820.0 2.468332155890029e-05
821.0 2.9556288819818172e-05
822.0 3.6701529812620655e-05
823.0 4.6400687062101605e-05
824.0 6.0674751002195757e-05
825.0 8.120016699009061e-05
826.0 0.00011334740531403789
827.0 0.00016218827363276872
828.0 0.0002407754199814321
829.0 0.0003705808659519723
830.0 0.0005871741082950496
831.0 0.0009709648986723797
832.0 0.0016981838253285744
833.0 0.003124421362641354
834.0 0.006087186393654996
835.0 0.012461825270894561
836.0 0.025750100642412926
837.0 0.05111344850792615
838.0 0.0946808818115483
839.0 0.16101180129241457
840.0 0.24743152764717014
841.0 0.34465464442508864
842.0 0.4398935806568595
843.0 0.5194551475395246
844.0 0.5746389199756496
845.0 0.6053414112435037
846.0 0.6182497704382939
847.0 0.6216581008864822
848.0 0.6215388006077938
849.0 0.6199025570774375
850.0 0.6171481856466503
851.0 0.6137555150453881
852.0 0.6101564738266145
853.0 0.6073166711411461
854.0 0.6059953101495417
855.0 0.606038815655303
856.0 0.6066924158524077
857.0 0.6077674593970878
858.0 0.6085409888151074
859.0 0.6086060906642384
860.0 0.6079672509521586
861.0 0.6067284624478366
862.0 0.6040298743321184
863.0 0.6011902309912399
864.0 0.5981355902211177
865.0 0.5947492564805215
866.0 0.59102045646588
867.0 0.5873886547384305
868.0 0.5840028150483783
869.0 0.5812635769200173
870.0 0.578992961827532
871.0 0.5770105899550092
872.0 0.5749240976296507
873.0 0.5729384147462329
874.0 0.5705288527915136
875.0 0.5675282413458114
876.0 0.5621083993984846
877.0 0.5502213542768981
878.0 0.5248688155807437
879.0 0.48352215127766174
880.0 0.42437912535795475
881.0 0.3507431656268501
882.0 0.2690504209264907
883.0 0.18943331351295567
884.0 0.12252251565678637
885.0 0.0729201218763788
886.0 0.04092990027958485
887.0 0.022340431988682664
888.0 0.012146050953488396
889.0 0.006672327886416503
890.0 0.003825733332800083
891.0 0.0022899740018411142
892.0 0.0014117595953883543
893.0 0.0008880860614569679
894.0 0.0005690281035871604
895.0 0.0003776582116020052
896.0 0.0002576695180366959
897.0 0.00018323587648927007
898.0 0.0001234837606163563
899.0 8.854522631075189e-05
900.0 6.7291854835227e-05
901.0 5.358162741059376e-05
902.0 5.274215575910482e-05
903.0 4.530857437076222e-05
904.0 3.1637998228133815e-05
905.0 1.8815444878696438e-05
906.0 1.6688443728807075e-05
907.0 1.8341241890397557e-05
908.0 1.2466277808506147e-05
909.0 -1.0318683008577301e-05
910.0 -2.8703063050108347e-05
911.0 -2.228415415016232e-06
912.0 1.375478293230347e-06
913.0 6.908028451465229e-06
914.0 -8.862969616441253e-06
915.0 -1.4323938731142142e-05
916.0 2.541284628977077e-06
917.0 5.465992170969772e-06
918.0 1.0866029492791202e-05
919.0 2.2568237512597343e-05
