col0 col1
410.0 6.741161486194815e-05
411.0 0.00011138926660421697
412.0 0.0002016459413977103
413.0 0.0003940737427086795
414.0 0.0008989746368826865
415.0 0.002278694067955328
416.0 0.006484213608220311
417.0 0.021709020942240188
418.0 0.0780815479429169
419.0 0.2464242533445787
420.0 0.45523634964833415
421.0 0.5228259550214062
422.0 0.5262276970662488
423.0 0.5280313961141575
424.0 0.5302519565123505
425.0 0.5337267936981273
426.0 0.5389401955952722
427.0 0.5417828157059388
428.0 0.5420847622727183
429.0 0.5432886202942249
430.0 0.5429437243157685
431.0 0.5400173981907548
432.0 0.5391763828797311
433.0 0.539589824115679
434.0 0.5454815221746104
435.0 0.5538010104369042
436.0 0.5591601418561493
437.0 0.5458505418197772
438.0 0.4754385855079217
439.0 0.3128746051523547
440.0 0.14782072649637062
441.0 0.057946241166661916
442.0 0.021625698348307566
443.0 0.008661751781492562
444.0 0.003792350683898883
445.0 0.001857637359219246
446.0 0.0009606973782066867
447.0 0.0005471043697921913
448.0 0.000331753507880483
449.0 0.0002092510256581403
450.0 0.0001334638320385111
451.0 8.665635752319108e-05
452.0 5.595524922596796e-05
453.0 3.821976645697336e-05
454.0 3.122311988064581e-05
