300 0.00957222
300.150038 0.0345366
300.30015 0.0363527
300.450338 0.0377796
300.6006 0.0390566
300.750938 0.0413182
300.901351 0.0441385
301.05184 0.0474336
301.202403 0.0508534
301.353042 0.053396
301.503756 0.0558716
301.654546 0.0574298
301.805411 0.0584965
301.956351 0.0596491
302.107367 0.061395
302.258459 0.0637978
302.409626 0.0664287
302.560868 0.0701512
302.712187 0.0740771
302.86358 0.0780181
303.01505 0.0823442
303.166596 0.0859685
303.318217 0.0889727
303.469914 0.0911491
303.621687 0.0931449
303.773535 0.0950346
303.92546 0.0950433
304.077461 0.096147
304.229538 0.0997838
304.38169 0.103595
304.533919 0.10696
304.686224 0.111869
304.838606 0.11724
304.991063 0.123137
305.143597 0.128199
305.296207 0.13283
305.448893 0.136005
305.601656 0.137437
305.754495 0.138171
305.90741 0.140603
306.060402 0.143214
306.21347 0.143472
306.366615 0.144568
306.519837 0.149166
306.673135 0.154624
306.82651 0.158715
306.979962 0.164992
307.13349 0.171877
307.287095 0.178424
307.440777 0.183469
307.594536 0.18794
307.748372 0.190595
307.902285 0.189906
308.056274 0.189946
308.210341 0.19178
308.364485 0.196241
308.518705 0.202418
308.673003 0.201437
308.827378 0.202841
308.981831 0.206169
309.13636 0.209603
309.290967 0.215702
309.445651 0.224983
309.600413 0.234273
309.755252 0.240312
309.910168 0.241908
310.065162 0.243084
310.220233 0.242714
310.375382 0.242894
310.530609 0.248842
310.685913 0.252752
310.841294 0.255125
310.996754 0.258641
311.152291 0.260666
311.307906 0.260058
311.463599 0.259749
311.61937 0.264613
311.775219 0.272815
311.931145 0.280184
312.08715 0.285672
312.243232 0.289158
312.399393 0.293279
312.555632 0.299353
312.711949 0.30256
312.868344 0.305304
313.024817 0.307281
313.181368 0.308648
313.337998 0.306654
313.494706 0.300885
313.651493 0.302108
313.808358 0.307783
313.965301 0.314748
314.122323 0.321177
314.279424 0.328545
314.436603 0.33677
314.59386 0.343897
314.751197 0.345965
314.908612 0.345385
315.066105 0.348042
315.223678 0.348843
315.381329 0.346256
315.539059 0.336917
315.696868 0.337773
315.854756 0.346059
316.012723 0.355364
316.170769 0.361947
316.328894 0.366136
316.487098 0.370829
316.645381 0.376345
316.803743 0.381113
316.962184 0.378658
317.120705 0.374618
317.279305 0.376682
317.437984 0.378909
317.596743 0.372724
317.755581 0.370848
317.914499 0.379771
318.073496 0.385781
318.232572 0.39083
318.391728 0.399168
318.550964 0.406816
318.710279 0.410704
318.869674 0.413636
319.029149 0.418651
319.188703 0.420302
319.348338 0.414274
319.508052 0.403177
319.667846 0.404928
319.82772 0.409325
319.987673 0.402874
320.147707 0.403781
320.307821 0.415136
320.468015 0.424014
320.628289 0.427935
320.788643 0.435337
320.949078 0.442249
321.109593 0.446829
321.270187 0.447592
321.430863 0.446854
321.591618 0.448488
321.752454 0.449701
321.913371 0.440266
322.074368 0.425936
322.235445 0.43024
322.396603 0.438273
322.557842 0.437274
322.719161 0.431194
322.880561 0.438407
323.042042 0.448656
323.203603 0.457406
323.365245 0.463998
323.526968 0.469562
323.688772 0.473843
323.850657 0.477142
324.012623 0.477044
324.17467 0.473118
324.336798 0.472037
324.499007 0.473326
324.661297 0.470948
324.823668 0.455246
324.98612 0.454767
325.148654 0.462044
325.311269 0.469497
325.473965 0.468597
325.636743 0.469299
325.799602 0.475839
325.962543 0.482167
326.125565 0.487234
326.288668 0.491235
326.451853 0.493768
326.61512 0.496107
326.778468 0.498111
326.941898 0.49813
327.10541 0.49358
327.269004 0.490501
327.432679 0.492572
327.596437 0.494847
327.760276 0.489632
327.924197 0.480262
328.0882 0.480397
328.252285 0.487203
328.416452 0.493537
328.580702 0.499273
328.745033 0.504119
328.909447 0.50784
329.073942 0.510823
329.238521 0.513332
329.403181 0.514957
329.567924 0.515678
329.732749 0.516019
329.897657 0.517044
330.062647 0.517407
330.227719 0.512615
330.392874 0.507814
330.558112 0.509547
330.723432 0.512439
330.888836 0.512866
331.054321 0.506734
331.21989 0.507629
331.385541 0.511809
331.551275 0.516644
331.717093 0.520559
331.882993 0.523736
332.048976 0.526375
332.215042 0.528584
332.381191 0.530354
332.547423 0.531709
332.713738 0.532403
332.880136 0.532207
333.046618 0.531789
333.213183 0.532186
333.379831 0.532615
333.546563 0.529959
333.713378 0.524494
333.880276 0.525289
334.047258 0.528632
334.214324 0.532185
334.381473 0.535142
334.548705 0.537291
334.716021 0.538873
334.883421 0.540665
335.050905 0.542459
335.218472 0.544009
335.386123 0.545139
335.553858 0.546012
335.721677 0.546677
335.88958 0.547579
336.057567 0.54816
336.225637 0.548042
336.393792 0.546874
336.562031 0.546262
336.730354 0.547338
336.898762 0.548278
337.067253 0.547324
337.235829 0.543945
337.404489 0.544244
337.573233 0.546828
337.742062 0.549468
337.910975 0.551734
338.079973 0.553659
338.249055 0.555513
338.418222 0.556926
338.587474 0.558142
338.75681 0.558969
338.926231 0.559905
339.095736 0.56055
339.265326 0.561165
339.435001 0.56144
339.604761 0.562009
339.774606 0.562548
339.944536 0.562364
340.114551 0.560476
340.28465 0.56048
340.454835 0.561883
340.625105 0.563459
340.79546 0.564995
340.965901 0.566338
341.136426 0.567532
341.307037 0.568601
341.477733 0.569534
341.648515 0.570345
341.819382 0.571029
341.990334 0.571676
342.161372 0.572333
342.332496 0.573059
342.503705 0.573727
342.674999 0.574291
342.84638 0.574712
343.017846 0.575079
343.189398 0.575364
343.361035 0.57593
343.532759 0.576569
343.704568 0.576851
343.876463 0.57623
344.048445 0.575592
344.220512 0.576472
344.392665 0.57784
344.564904 0.579255
344.73723 0.580486
344.909642 0.58155
345.08214 0.582482
345.254724 0.583309
345.427394 0.5841
345.600151 0.584841
345.772995 0.585519
345.945924 0.586258
346.11894 0.587102
346.292043 0.587929
346.465233 0.588608
346.638508 0.58923
346.811871 0.589852
346.98532 0.590425
347.158856 0.590827
347.332479 0.591084
347.506189 0.591514
347.679985 0.592245
347.853869 0.593106
348.027839 0.593905
348.201897 0.594634
348.376041 0.595327
348.550273 0.595968
348.724592 0.596588
348.898997 0.597231
349.073491 0.597876
349.248071 0.598491
349.422739 0.599041
349.597494 0.599561
349.772336 0.600137
349.947266 0.600758
350.122283 0.601354
350.297388 0.601935
350.472581 0.602531
350.647861 0.603132
350.823229 0.603726
350.998684 0.604305
351.174227 0.60481
351.349858 0.605092
351.525577 0.605316
351.701384 0.605752
351.877279 0.606469
352.053261 0.607248
352.229332 0.607957
352.405491 0.608602
352.581737 0.60924
352.758072 0.609883
352.934496 0.610518
353.111007 0.611153
353.287607 0.611758
353.464295 0.612368
353.641071 0.612931
353.817936 0.613505
353.994889 0.614075
354.171931 0.614654
354.349061 0.615186
354.52628 0.615736
354.703587 0.616298
354.880983 0.616839
355.058468 0.617383
355.236042 0.617891
355.413704 0.618417
355.591455 0.618982
355.769296 0.61953
355.947225 0.62004
356.125243 0.620574
356.30335 0.621117
356.481546 0.621634
356.659832 0.622059
356.838206 0.622497
357.01667 0.623012
357.195223 0.623544
357.373865 0.624046
357.552597 0.624534
357.731418 0.625039
357.910328 0.625547
358.089328 0.626027
358.268417 0.62652
358.447596 0.627006
358.626865 0.627488
358.806223 0.627957
358.985671 0.628427
359.165209 0.62888
359.344836 0.629327
359.524554 0.629772
359.704361 0.630268
359.884258 0.630762
360.064245 0.631269
360.244322 0.631807
360.42449 0.632342
360.604747 0.632873
360.785094 0.633435
360.965532 0.634018
361.14606 0.634625
361.326678 0.635261
361.507387 0.635928
361.688186 0.636599
361.869075 0.637284
362.050055 0.637967
362.231125 0.638652
362.412286 0.639335
362.593537 0.639994
362.774879 0.640651
362.956312 0.641304
363.137836 0.64192
363.31945 0.64253
363.501155 0.643141
363.682951 0.643741
363.864838 0.64433
364.046816 0.644898
364.228885 0.645447
364.411045 0.645996
364.593296 0.646542
364.775638 0.647085
364.958072 0.647654
365.140596 0.648218
365.323212 0.648764
365.505919 0.649352
365.688718 0.649886
365.871608 0.65042
366.05459 0.650961
366.237663 0.651485
366.420827 0.652007
366.604084 0.652527
366.787432 0.653064
366.970871 0.653598
367.154402 0.654117
367.338026 0.654635
367.52174 0.655153
367.705547 0.65567
367.889446 0.656187
368.073437 0.656702
368.257519 0.657217
368.441694 0.657732
368.625961 0.658245
368.81032 0.658758
368.994772 0.659271
369.179315 0.659782
369.363951 0.660293
369.548679 0.660803
369.7335 0.661313
369.918413 0.661821
370.103418 0.662329
370.288516 0.662837
370.473707 0.663343
370.65899 0.663849
370.844366 0.664355
371.029834 0.664859
371.215395 0.665363
371.401049 0.665866
371.586796 0.666369
371.772636 0.666871
371.958569 0.667372
372.144595 0.667872
372.330714 0.668372
372.516926 0.668871
372.703231 0.669369
372.889629 0.669867
373.07612 0.670364
373.262705 0.67086
373.449383 0.671356
373.636154 0.671839
373.823019 0.672331
374.009977 0.672818
374.197029 0.673301
374.384174 0.673793
374.571413 0.674284
374.758746 0.674775
374.946172 0.675257
375.133692 0.675725
375.321306 0.676211
375.509013 0.676675
375.696815 0.677147
375.88471 0.677614
376.0727 0.678077
376.260783 0.678548
376.44896 0.678996
376.637232 0.679441
376.825598 0.679885
377.014058 0.68033
377.202612 0.680753
377.39126 0.681176
377.580003 0.681598
377.76884 0.682017
377.957772 0.68242
378.146798 0.68282
378.335919 0.683219
378.525134 0.683633
378.714444 0.684045
378.903848 0.684451
379.093348 0.684866
379.282942 0.685285
379.472631 0.68572
379.662414 0.686152
379.852293 0.686586
380.042267 0.687044
380.232335 0.687526
380.422499 0.688029
380.612758 0.688522
380.803112 0.689044
380.993561 0.689569
381.184105 0.690097
381.374745 0.69063
381.56548 0.691176
381.756311 0.691722
381.947236 0.692266
382.138258 0.692799
382.329375 0.693322
382.520587 0.693861
382.711895 0.694379
382.903299 0.694901
383.094799 0.695402
383.286394 0.695903
383.478085 0.696403
383.669872 0.696902
383.861755 0.697394
384.053734 0.697867
384.245809 0.698346
384.43798 0.698824
384.630247 0.699296
384.82261 0.699771
385.015069 0.700225
385.207625 0.700687
385.400277 0.701161
385.593025 0.701613
385.78587 0.702065
385.978811 0.70253
386.171849 0.702997
386.364983 0.703445
386.558214 0.703894
386.751541 0.704342
386.944965 0.704789
387.138486 0.705236
387.332104 0.705681
387.525818 0.706127
387.71963 0.706571
387.913538 0.707015
388.107543 0.707458
388.301646 0.707901
388.495845 0.708343
388.690141 0.708784
388.884535 0.709225
389.079026 0.709664
389.273614 0.710104
389.4683 0.710542
389.663082 0.71098
389.857963 0.711417
390.05294 0.711854
390.248016 0.71229
390.443188 0.712725
390.638459 0.713169
390.833827 0.713612
391.029293 0.714043
391.224856 0.714475
391.420518 0.714923
391.616277 0.715355
391.812134 0.715785
392.008089 0.716215
392.204142 0.716645
392.400293 0.717074
392.596542 0.717502
392.79289 0.717929
392.989335 0.718356
393.185879 0.718782
393.382521 0.719207
393.579262 0.719632
393.7761 0.720056
393.973038 0.72048
394.170073 0.720903
394.367208 0.721325
394.564441 0.721746
394.761772 0.722167
394.959202 0.722588
395.156731 0.723007
395.354359 0.723426
395.552086 0.723845
395.749911 0.724262
395.947836 0.724679
396.145859 0.725096
396.343982 0.725511
396.542203 0.72592
396.740524 0.726341
396.938944 0.726751
397.137463 0.72716
397.336081 0.727553
397.534799 0.727978
397.733616 0.728404
397.932533 0.728813
398.131549 0.729221
398.330664 0.729629
398.529879 0.730029
398.729194 0.730449
398.928608 0.730849
399.128123 0.731263
399.327737 0.731662
399.52745 0.732071
399.727264 0.73247
399.927178 0.732866
400.127191 0.733269
400.327305 0.733694
400.527519 0.734123
400.727832 0.734544
400.928246 0.734972
401.128761 0.735395
401.329375 0.735829
401.53009 0.736256
401.730905 0.736662
401.931821 0.737084
402.132837 0.737504
402.333954 0.737924
402.535171 0.738343
402.736489 0.738762
402.937908 0.73918
403.139427 0.739597
403.341047 0.740014
403.542768 0.74043
403.74459 0.740846
403.946513 0.741261
404.148536 0.741675
404.350661 0.742089
404.552887 0.742502
404.755214 0.742914
404.957642 0.743326
405.160172 0.743738
405.362802 0.744148
405.565535 0.744558
405.768368 0.744966
405.971303 0.745374
406.174339 0.74578
406.377477 0.746187
406.580717 0.746591
406.784058 0.747017
406.987501 0.747434
407.191046 0.747837
407.394692 0.748239
407.59844 0.74864
407.80229 0.74904
408.006243 0.74944
408.210297 0.74984
408.414453 0.750239
408.618711 0.750638
408.823072 0.751037
409.027534 0.751434
409.232099 0.751832
409.436766 0.752229
409.641536 0.752625
409.846408 0.753021
410.051382 0.753417
410.256459 0.753812
410.461639 0.754207
410.666921 0.754601
410.872306 0.754994
411.077793 0.755388
411.283384 0.755782
411.489077 0.756175
411.694873 0.756568
411.900772 0.75696
412.106773 0.757352
412.312878 0.757744
412.519086 0.758134
412.725397 0.758525
412.931812 0.758914
413.138329 0.759302
413.34495 0.759689
413.551674 0.760076
413.758502 0.760462
413.965433 0.760847
414.172467 0.761216
414.379605 0.761579
414.586847 0.761962
414.794192 0.762373
415.001641 0.762748
415.209194 0.763105
415.41685 0.763477
415.624611 0.763856
415.832475 0.764233
416.040443 0.76461
416.248515 0.764987
416.456692 0.765363
416.664972 0.765738
416.873357 0.766113
417.081845 0.766488
417.290439 0.766863
417.499136 0.767238
417.707938 0.767612
417.916844 0.767985
418.125855 0.768358
418.33497 0.768731
418.54419 0.769104
418.753514 0.769476
418.962943 0.769846
419.172477 0.770218
419.382116 0.770589
419.591859 0.770959
419.801707 0.771328
420.011661 0.771697
420.221719 0.772064
420.431883 0.772431
420.642151 0.772797
420.852525 0.773163
421.063004 0.773527
421.273588 0.773889
421.484277 0.77425
421.695072 0.774611
421.905972 0.774971
422.116978 0.775329
422.328089 0.775686
422.539306 0.776042
422.750629 0.776398
422.962057 0.776753
423.173591 0.777106
423.38523 0.777458
423.596976 0.777809
423.808827 0.77816
424.020785 0.77851
424.232848 0.77886
424.445018 0.779209
424.657293 0.779557
424.869675 0.779905
425.082163 0.780254
425.294757 0.780604
425.507458 0.780953
425.720265 0.781302
425.933178 0.78165
426.146198 0.782001
426.359324 0.782354
426.572557 0.782705
426.785897 0.783056
426.999343 0.783407
427.212896 0.78376
427.426556 0.784112
427.640323 0.784464
427.854196 0.784815
428.068177 0.785166
428.282264 0.785515
428.496459 0.785864
428.710761 0.786212
428.92517 0.78656
429.139686 0.786906
429.35431 0.78725
429.56904 0.787594
429.783879 0.787938
429.998824 0.78828
430.213878 0.788619
430.429038 0.788957
430.644307 0.789295
430.859683 0.789632
431.075166 0.789967
431.290758 0.790297
431.506457 0.790627
431.722264 0.790937
431.938179 0.791272
432.154202 0.791586
432.370334 0.791912
432.586573 0.792241
432.80292 0.792569
433.019376 0.792898
433.23594 0.793229
433.452612 0.793561
433.669392 0.793892
433.886281 0.794223
434.103278 0.794555
434.320384 0.794887
434.537599 0.795219
434.754922 0.79555
434.972354 0.795881
435.189894 0.79621
435.407544 0.796539
435.625302 0.796868
435.843169 0.797196
436.061145 0.797522
436.27923 0.797845
436.497424 0.798168
436.715728 0.798491
436.93414 0.798812
437.152662 0.79913
437.371293 0.799445
437.590033 0.799759
437.808883 0.800073
438.027842 0.800384
438.246911 0.800692
438.466089 0.800998
438.685377 0.801304
438.904774 0.80161
439.124282 0.801912
439.343899 0.802212
439.563626 0.802509
439.783462 0.802788
440.003409 0.803071
440.223466 0.803371
440.443633 0.803669
440.663909 0.803967
440.884296 0.804262
441.104794 0.804563
441.325401 0.80485
441.546119 0.805139
441.766947 0.805411
441.987886 0.805714
442.208935 0.806013
442.430095 0.806323
442.651365 0.806443
442.872746 0.806854
443.094238 0.807085
443.315841 0.807507
443.537554 0.807815
443.759378 0.808101
443.981313 0.808389
444.20336 0.808708
444.425517 0.808975
444.647785 0.809317
444.870165 0.809546
445.092655 0.80989
445.315257 0.810176
445.537971 0.810515
445.760795 0.810787
445.983731 0.811064
446.206779 0.811416
446.429938 0.811666
446.653209 0.812033
446.876591 0.812336
447.100086 0.812617
447.323692 0.812935
447.547409 0.813254
447.771239 0.813562
447.995181 0.813885
448.219234 0.81419
448.4434 0.814498
448.667678 0.8148
448.892067 0.815102
449.11657 0.815407
449.341184 0.815708
449.565911 0.815999
449.79075 0.81629
450.015702 0.816591
450.240766 0.816878
450.465942 0.817167
450.691232 0.817481
450.916634 0.817765
451.142148 0.818051
451.367776 0.818338
451.593516 0.818649
451.819369 0.818952
452.045336 0.819239
452.271415 0.819532
452.497607 0.819824
452.723912 0.820116
452.950331 0.820407
453.176863 0.820696
453.403508 0.820985
453.630266 0.821273
453.857138 0.82156
454.084123 0.821844
454.311222 0.822123
454.538435 0.8224
454.765761 0.822677
454.9932 0.822952
455.220754 0.823218
455.448421 0.823482
455.676202 0.823744
455.904097 0.824007
456.132106 0.824261
456.36023 0.824509
456.588467 0.824757
456.816818 0.825004
457.045284 0.825248
457.273863 0.825492
457.502557 0.825744
457.731366 0.825961
457.960289 0.826198
458.189326 0.826434
458.418478 0.826669
458.647745 0.826903
458.877126 0.827137
459.106622 0.82737
459.336233 0.827603
459.565958 0.827836
459.795799 0.828068
460.025754 0.828302
460.255824 0.828544
460.48601 0.828786
460.71631 0.829029
460.946726 0.829271
461.177257 0.829525
461.407903 0.829783
461.638665 0.830041
461.869542 0.8303
462.100535 0.830559
462.331643 0.830801
462.562866 0.83107
462.794205 0.831342
463.02566 0.831617
463.257231 0.831907
463.488918 0.832199
463.72072 0.832492
463.952638 0.83276
464.184673 0.833037
464.416823 0.833332
464.64909 0.833625
464.881472 0.833918
465.113971 0.8342
465.346586 0.834447
465.579318 0.834722
465.812166 0.835001
466.04513 0.835259
466.278211 0.835483
466.511408 0.835731
466.744722 0.835959
466.978153 0.83619
467.2117 0.836417
467.445365 0.836621
467.679146 0.83685
467.913044 0.83706
468.147059 0.837257
468.381191 0.837483
468.61544 0.837684
468.849806 0.837885
469.08429 0.838075
469.318891 0.838278
469.553609 0.838455
469.788444 0.838625
470.023397 0.838852
470.258468 0.839032
470.493656 0.839233
470.728961 0.839419
470.964385 0.839585
471.199926 0.839759
471.435585 0.839961
471.671361 0.840148
471.907256 0.840309
472.143269 0.840488
472.379399 0.84066
472.615648 0.840832
472.852015 0.841
473.0885 0.841165
473.325103 0.841318
473.561825 0.841468
473.798665 0.841595
474.035624 0.841718
474.272701 0.841829
474.509897 0.841906
474.747211 0.841946
474.984644 0.841971
475.222195 0.841973
475.459866 0.841933
475.697655 0.841929
475.935564 0.841891
476.173591 0.841791
476.411737 0.841808
476.650003 0.841858
476.888387 0.841917
477.126891 0.842039
477.365514 0.842217
477.604257 0.842489
477.843119 0.842749
478.0821 0.843008
478.321201 0.843327
478.560421 0.843673
478.799761 0.844016
479.039221 0.844382
479.2788 0.844736
479.5185 0.845066
479.758319 0.845395
479.998258 0.845759
480.238317 0.846133
480.478496 0.846469
480.718796 0.846782
480.959215 0.847115
481.199755 0.847468
481.440415 0.847783
481.681195 0.84808
481.922096 0.848396
482.163117 0.848726
482.404259 0.84905
482.645522 0.849344
482.886905 0.849636
483.128409 0.849943
483.370033 0.850266
483.611779 0.850606
483.853645 0.85092
484.095632 0.851203
484.337741 0.851509
484.57997 0.851821
484.822321 0.852125
485.064792 0.852403
485.307385 0.852674
485.5501 0.852958
485.792936 0.853227
486.035893 0.853521
486.278972 0.85379
486.522172 0.854032
486.765494 0.854275
487.008937 0.854509
487.252503 0.854731
487.49619 0.854981
487.739999 0.855213
487.98393 0.855414
488.227983 0.855617
488.472158 0.855793
488.716455 0.85599
488.960874 0.856165
489.205416 0.856331
489.45008 0.856517
489.694866 0.856683
489.939775 0.856863
490.184806 0.857046
490.429959 0.857227
490.675236 0.857421
490.920635 0.857612
491.166156 0.857802
491.411801 0.858002
491.657568 0.858202
491.903458 0.8584
492.149472 0.858604
492.395608 0.858812
492.641867 0.859016
492.88825 0.859206
493.134756 0.859389
493.381385 0.85958
493.628137 0.859772
493.875013 0.859964
494.122012 0.860154
494.369135 0.860343
494.616381 0.860531
494.863751 0.860717
495.111245 0.860893
495.358863 0.861053
495.606604 0.861213
495.854469 0.861371
496.102458 0.86152
496.350572 0.861656
496.598809 0.86179
496.84717 0.861932
497.095656 0.862081
497.344266 0.862206
497.593 0.86232
497.841859 0.862433
498.090842 0.862537
498.33995 0.862627
498.589182 0.862715
498.838539 0.8628
499.088021 0.862882
499.337627 0.862942
499.587358 0.863012
499.837215 0.863072
500.087196 0.863136
500.337302 0.863184
500.587533 0.863252
500.837889 0.86331
501.088371 0.863351
501.338978 0.863407
501.58971 0.863464
501.840568 0.863485
502.091551 0.863491
502.342659 0.863675
502.593893 0.863677
502.845253 0.863708
503.096738 0.863605
503.34835 0.86388
503.600087 0.863302
503.85195 0.86343
504.103939 0.863964
504.356054 0.86367
504.608295 0.864323
504.860662 0.86463
505.113156 0.864781
505.365775 0.86496
505.618521 0.865176
505.871394 0.864744
506.124393 0.865384
506.377518 0.8658
506.63077 0.865855
506.884149 0.865819
507.137655 0.86631
507.391287 0.866425
507.645046 0.866846
507.898932 0.866828
508.152945 0.867101
508.407085 0.867549
508.661352 0.867734
508.915746 0.868026
509.170268 0.86841
509.424916 0.868403
509.679693 0.868718
509.934596 0.869066
510.189627 0.869242
510.444786 0.869373
510.700072 0.869677
510.955486 0.869871
511.211028 0.869978
511.466697 0.870223
511.722494 0.870361
511.978419 0.870538
512.234473 0.870673
512.490654 0.870814
512.746963 0.870962
513.003401 0.871109
513.259967 0.871241
513.516661 0.871374
513.773483 0.871508
514.030434 0.871636
514.287514 0.871766
514.544722 0.871902
514.802059 0.872015
515.059524 0.872125
515.317118 0.87226
515.574841 0.872393
515.832693 0.872527
516.090674 0.872659
516.348784 0.872794
516.607023 0.872926
516.865391 0.873059
517.123888 0.873195
517.382515 0.873331
517.641271 0.873469
517.900156 0.873603
518.159171 0.873725
518.418315 0.873828
518.677589 0.87396
518.936993 0.874093
519.196526 0.874215
519.456189 0.874336
519.715982 0.874457
519.975905 0.874577
520.235958 0.874676
520.496141 0.874766
520.756454 0.874827
521.016898 0.874905
521.277471 0.874993
521.538175 0.875056
521.79901 0.875123
522.059974 0.875197
522.32107 0.875237
522.582295 0.875266
522.843652 0.875309
523.105139 0.875339
523.366757 0.875354
523.628506 0.875367
523.890386 0.875392
524.152396 0.87536
524.414538 0.875362
524.676811 0.875367
524.939215 0.875374
525.20175 0.875372
525.464417 0.875374
525.727215 0.875412
525.990144 0.87541
526.253205 0.875398
526.516397 0.87538
526.779721 0.875341
527.043177 0.875341
527.306764 0.875335
527.570484 0.875352
527.834335 0.875334
528.098318 0.875345
528.362433 0.875349
528.62668 0.875341
528.89106 0.875337
529.155572 0.875364
529.420215 0.875386
529.684992 0.875412
529.9499 0.875419
530.214942 0.875469
530.480115 0.875489
530.745422 0.875536
531.010861 0.875599
531.276433 0.87565
531.542137 0.875718
531.807975 0.875798
532.073945 0.875895
532.340049 0.876005
532.606285 0.876113
532.872655 0.876226
533.139158 0.876351
533.405794 0.876498
533.672564 0.876664
533.939467 0.876836
534.206503 0.877017
534.473673 0.877184
534.740977 0.877402
535.008414 0.877608
535.275986 0.877817
535.54369 0.878026
535.811529 0.878234
536.079502 0.878436
536.347609 0.878615
536.61585 0.87879
536.884225 0.878975
537.152734 0.879137
537.421377 0.879305
537.690155 0.879445
537.959068 0.879614
538.228114 0.879725
538.497296 0.879831
538.766612 0.879963
539.036062 0.880081
539.305648 0.880159
539.575368 0.880276
539.845223 0.880335
540.115213 0.88046
540.385338 0.88048
540.655599 0.880608
540.925994 0.880498
541.196525 0.880564
541.467191 0.880499
541.737992 0.880841
542.008929 0.880813
542.280001 0.880874
542.551209 0.880924
542.822552 0.881119
543.094031 0.881127
543.365646 0.88123
543.637397 0.881021
543.909283 0.881211
544.181306 0.881415
544.453465 0.881393
544.72576 0.88157
544.998191 0.881447
545.270758 0.881704
545.543461 0.881799
545.816301 0.881694
546.089278 0.88183
546.362391 0.881852
546.63564 0.882105
546.909026 0.882197
547.182549 0.882273
547.456209 0.882432
547.730005 0.882526
548.003939 0.882567
548.278009 0.882725
548.552217 0.882858
548.826562 0.882944
549.101043 0.883077
549.375663 0.88316
549.650419 0.883233
549.925313 0.883347
550.200345 0.88344
550.475513 0.883542
550.75082 0.883652
551.026264 0.883689
551.301846 0.883794
551.577566 0.883883
551.853424 0.883963
552.12942 0.884057
552.405553 0.884128
552.681825 0.884204
552.958235 0.884273
553.234783 0.884319
553.51147 0.884375
553.788295 0.884443
554.065258 0.884505
554.34236 0.884561
554.619601 0.884604
554.89698 0.88463
555.174498 0.884663
555.452154 0.8847
555.72995 0.884733
556.007884 0.884747
556.285958 0.884742
556.56417 0.884766
556.842522 0.884773
557.121013 0.884754
557.399643 0.884754
557.678413 0.884746
557.957321 0.884723
558.23637 0.884695
558.515558 0.884653
558.794885 0.884594
559.074353 0.884551
559.35396 0.884514
559.633707 0.884461
559.913594 0.884414
560.19362 0.884357
560.473787 0.884309
560.754094 0.884252
561.034541 0.884169
561.315129 0.884114
561.595856 0.88405
561.876725 0.883968
562.157733 0.88391
562.438882 0.883846
562.720172 0.883781
563.001603 0.883716
563.283174 0.883654
563.564886 0.883602
563.846739 0.88354
564.128733 0.883464
564.410867 0.883408
564.693143 0.88337
564.975561 0.883283
565.258119 0.883231
565.540819 0.883155
565.82366 0.883101
566.106642 0.883032
566.389767 0.882955
566.673032 0.882876
566.95644 0.882792
567.239989 0.882659
567.52368 0.882532
567.807512 0.882459
568.091487 0.882335
568.375604 0.882069
568.659863 0.881678
568.944264 0.881513
569.228807 0.881342
569.513493 0.881213
569.798321 0.881468
570.083291 0.880764
570.368404 0.881018
570.653659 0.881176
570.939058 0.881035
571.224598 0.880839
571.510282 0.880698
571.796109 0.880478
572.082078 0.88009
572.368191 0.880204
572.654447 0.880269
572.940845 0.879931
573.227387 0.879898
573.514073 0.880033
573.800902 0.879688
574.087874 0.879982
574.374989 0.879835
574.662249 0.879557
574.949652 0.879991
575.237198 0.880048
575.524889 0.879897
575.812723 0.880158
576.100702 0.880193
576.388824 0.880242
576.67709 0.880573
576.965501 0.880608
577.254056 0.880767
577.542755 0.880944
577.831599 0.881268
578.120587 0.881573
578.409719 0.881845
578.698997 0.882266
578.988418 0.882634
579.277985 0.883123
579.567696 0.883648
579.857553 0.884214
580.147554 0.8848
580.4377 0.885415
580.727992 0.885913
581.018428 0.886537
581.30901 0.887059
581.599737 0.88751
581.89061 0.888
582.181628 0.888481
582.472792 0.888874
582.764101 0.889318
583.055556 0.88962
583.347156 0.890007
583.638903 0.890336
583.930795 0.890679
584.222834 0.89098
584.515018 0.891278
584.807349 0.891527
585.099826 0.891806
585.392449 0.892044
585.685218 0.892292
585.978134 0.892489
586.271196 0.892592
586.564405 0.892907
586.857761 0.892919
587.151263 0.892921
587.444912 0.893315
587.738708 0.892794
588.032651 0.892998
588.32674 0.892048
588.620977 0.891907
588.915361 0.891022
589.209893 0.890563
589.504571 0.892298
589.799397 0.892246
590.094371 0.890359
590.389492 0.89158
590.68476 0.893821
590.980177 0.892504
591.275741 0.893067
591.571452 0.892684
591.867312 0.89273
592.16332 0.890812
592.459475 0.890931
592.755779 0.89403
593.052231 0.893885
593.348831 0.892798
593.64558 0.894132
593.942477 0.894307
594.239523 0.891135
594.536717 0.891392
594.834059 0.890844
595.131551 0.892004
595.429191 0.894056
595.72698 0.893348
596.024918 0.891884
596.323005 0.89393
596.621241 0.894184
596.919626 0.891256
597.218161 0.893128
597.516844 0.894071
597.815677 0.891852
598.11466 0.893818
598.413792 0.893778
598.713074 0.893605
599.012505 0.893323
599.312086 0.893296
599.611817 0.893744
599.911698 0.893838
600.211729 0.893799
600.51191 0.893887
600.812241 0.894244
601.112722 0.894209
601.413354 0.894303
601.714136 0.894173
602.015068 0.894487
602.316151 0.89466
602.617384 0.894738
602.918768 0.894824
603.220303 0.895013
603.521988 0.895197
603.823825 0.895362
604.125812 0.89553
604.427951 0.895707
604.73024 0.89588
605.032681 0.896044
605.335273 0.896258
605.638016 0.896464
605.940911 0.896655
606.243957 0.896879
606.547155 0.897108
606.850504 0.897319
607.154005 0.89757
607.457658 0.897821
607.761463 0.898061
608.06542 0.898295
608.369529 0.898535
608.673789 0.898798
608.978202 0.899024
609.282768 0.899299
609.587485 0.89957
609.892355 0.899823
610.197378 0.900073
610.502553 0.900347
610.80788 0.900579
611.11336 0.900845
611.418994 0.901096
611.724779 0.901322
612.030718 0.90156
612.33681 0.901815
612.643055 0.902038
612.949453 0.902258
613.256005 0.902469
613.562709 0.902681
613.869567 0.902916
614.176579 0.903132
614.483744 0.903331
614.791063 0.903541
615.098535 0.903742
615.406161 0.903941
615.713941 0.904149
616.021875 0.904344
616.329963 0.904521
616.638205 0.904704
616.946601 0.904895
617.255152 0.905049
617.563857 0.905232
617.872716 0.905396
618.181729 0.905542
618.490897 0.905684
618.80022 0.905825
619.109698 0.905974
619.41933 0.906093
619.729117 0.906203
620.039059 0.906313
620.349156 0.906439
620.659408 0.906518
620.969816 0.906613
621.280378 0.906725
621.591096 0.906814
621.901969 0.906886
622.212998 0.906946
622.524182 0.907006
622.835522 0.907075
623.147018 0.907131
623.458669 0.907207
623.770477 0.907274
624.08244 0.907321
624.394559 0.907364
624.706834 0.9074
625.019266 0.907453
625.331854 0.907543
625.644598 0.907606
625.957498 0.907654
626.270555 0.90763
626.583769 0.907768
626.897139 0.907636
627.210666 0.90786
627.52435 0.907795
627.83819 0.878333
628.152188 0.879098
628.466343 0.896265
628.780654 0.906715
629.095123 0.898068
629.409749 0.898257
629.724533 0.897848
630.039474 0.898303
630.354573 0.900154
630.669829 0.905668
630.985242 0.906374
631.300814 0.904682
631.616543 0.906635
631.93243 0.909003
632.248476 0.909367
632.564679 0.909605
632.88104 0.911516
633.19756 0.911131
633.514238 0.911844
633.831074 0.912354
634.148069 0.912754
634.465222 0.913081
634.782534 0.913338
635.100005 0.913923
635.417634 0.914335
635.735423 0.914751
636.05337 0.91499
636.371476 0.91536
636.689741 0.91589
637.008166 0.916129
637.32675 0.916365
637.645493 0.916897
637.964395 0.917271
638.283457 0.917566
638.602679 0.917876
638.92206 0.918243
639.241601 0.918522
639.561301 0.918871
639.881162 0.919177
640.201183 0.919486
640.521363 0.919792
640.841704 0.920067
641.162205 0.920302
641.482866 0.920639
641.803688 0.920873
642.12467 0.92114
642.445812 0.921455
642.767116 0.921564
643.08858 0.921892
643.410204 0.922032
643.73199 0.922355
644.053936 0.922546
644.376044 0.922763
644.698312 0.922908
645.020742 0.923043
645.343333 0.923399
645.666086 0.923331
645.988999 0.92297
646.312075 0.923417
646.635311 0.923138
646.95871 0.922955
647.28227 0.922871
647.605992 0.920295
647.929876 0.923755
648.253922 0.922642
648.57813 0.921815
648.9025 0.924073
649.227033 0.923498
649.551727 0.923965
649.876584 0.923784
650.201604 0.926164
650.526786 0.92572
650.852131 0.926464
651.177638 0.926081
651.503308 0.924037
651.829141 0.922219
652.155138 0.925907
652.481297 0.925791
652.807619 0.927519
653.134104 0.927592
653.460753 0.926085
653.787565 0.927469
654.114541 0.928232
654.44168 0.926052
654.768982 0.928357
655.096449 0.926796
655.424079 0.92681
655.751873 0.928193
656.079831 0.928597
656.407953 0.928753
656.736239 0.928509
657.064689 0.929261
657.393303 0.928788
657.722082 0.928631
658.051025 0.930313
658.380133 0.929737
658.709406 0.929808
659.038843 0.9307
659.368445 0.930894
659.698211 0.930919
660.028143 0.930929
660.358239 0.931266
660.688501 0.931549
661.018928 0.931832
661.34952 0.931814
661.680277 0.932152
662.0112 0.932298
662.342289 0.932425
662.673543 0.93259
663.004962 0.932718
663.336548 0.932899
663.668299 0.933103
664.000216 0.933262
664.332299 0.933322
664.664548 0.933566
664.996964 0.93371
665.329545 0.933916
665.662293 0.934081
665.995208 0.934263
666.328288 0.934369
666.661536 0.934566
666.99495 0.934772
667.328531 0.934903
667.662279 0.9351
667.996193 0.935269
668.330275 0.935435
668.664523 0.93557
668.998939 0.935756
669.333522 0.935921
669.668273 0.936082
670.003191 0.936239
670.338276 0.936402
670.673529 0.93656
671.00895 0.936716
671.344538 0.936878
671.680294 0.937039
672.016218 0.937198
672.35231 0.937354
672.688571 0.937512
673.024999 0.937669
673.361596 0.937818
673.698361 0.937972
674.035294 0.938121
674.372396 0.93826
674.709667 0.938401
675.047106 0.938543
675.384714 0.938692
675.72249 0.938835
676.060436 0.938981
676.398551 0.939129
676.736835 0.939274
677.075288 0.939416
677.41391 0.939556
677.752702 0.939696
678.091663 0.939836
678.430793 0.939966
678.770094 0.940097
679.109564 0.940226
679.449203 0.940352
679.789013 0.940467
680.128992 0.940594
680.469142 0.94071
680.809461 0.94083
681.149951 0.940964
681.490611 0.941056
681.831442 0.941172
682.172443 0.9413
682.513614 0.941368
682.854957 0.941499
683.196469 0.94162
683.538153 0.941731
683.880008 0.941868
684.222033 0.941907
684.56423 0.942049
684.906597 0.942182
685.249136 0.94237
685.591846 0.94239
685.934728 0.942591
686.277781 0.942634
686.621006 0.942311
686.964402 0.715346
687.30797 0.694091
687.65171 0.783729
687.995622 0.82232
688.339706 0.919784
688.683962 0.863079
689.02839 0.807002
689.37299 0.837797
689.717763 0.855765
690.062708 0.882908
690.407826 0.895357
690.753116 0.866409
691.098579 0.879264
691.444214 0.892137
691.790023 0.941597
692.136005 0.904774
692.482159 0.91297
692.828487 0.943163
693.174988 0.921137
693.521662 0.935175
693.868509 0.935208
694.21553 0.931566
694.562725 0.937731
694.910093 0.937017
695.257635 0.940968
695.605351 0.942124
695.95324 0.938108
696.301304 0.938576
696.649542 0.944994
696.997954 0.946624
697.34654 0.945276
697.6953 0.946604
698.044235 0.945347
698.393344 0.945894
698.742628 0.942833
699.092087 0.940665
699.44172 0.942017
699.791529 0.946895
700.141512 0.942176
700.49167 0.945066
700.842004 0.942686
701.192512 0.94404
701.543196 0.947393
701.894056 0.941683
702.24509 0.946294
702.596301 0.944254
702.947687 0.941439
703.299248 0.94835
703.650986 0.948789
704.002899 0.943181
704.354989 0.947671
704.707254 0.948037
705.059696 0.948235
705.412314 0.944516
705.765109 0.94752
706.118079 0.947913
706.471227 0.948072
706.824551 0.947444
707.178051 0.949214
707.531729 0.948497
707.885583 0.94822
708.239614 0.948469
708.593823 0.94971
708.948208 0.94858
709.302771 0.94971
709.657511 0.949367
710.012428 0.949392
710.367523 0.949456
710.722796 0.949435
711.078246 0.949976
711.433874 0.950083
711.78968 0.950481
712.145664 0.949879
712.501826 0.95037
712.858166 0.950268
713.214684 0.949945
713.57138 0.95055
713.928255 0.950168
714.285309 0.950426
714.642541 0.950179
714.999951 0.949324
715.357541 0.949144
715.715309 0.949963
716.073256 0.949348
716.431382 0.949154
716.789687 0.943317
717.148172 0.932077
717.506836 0.926909
717.865679 0.922187
718.224701 0.930018
718.583904 0.919116
718.943285 0.903843
719.302847 0.919782
719.662588 0.924304
720.022509 0.934578
720.382611 0.912957
720.742892 0.908102
721.103354 0.944617
721.463995 0.949888
721.824818 0.944867
722.18582 0.951436
722.547004 0.943304
722.908367 0.944461
723.269912 0.947059
723.631637 0.903365
723.993544 0.946294
724.355631 0.923615
724.717899 0.921817
725.080349 0.941348
725.44298 0.914795
725.805792 0.947206
726.168785 0.941589
726.531961 0.935831
726.895317 0.932996
727.258856 0.947591
727.622576 0.923
727.986479 0.922779
728.350563 0.946713
728.714829 0.953978
729.079278 0.921529
729.443908 0.940569
729.808722 0.945787
730.173717 0.946193
730.538895 0.928348
730.904256 0.950275
731.2698 0.941009
731.635526 0.944924
732.001435 0.938953
732.367527 0.953827
732.733803 0.951298
733.100261 0.951581
733.466903 0.947932
733.833728 0.952929
734.200737 0.954897
734.567929 0.952095
734.935305 0.954595
735.302864 0.951872
735.670608 0.953721
736.038535 0.954077
736.406646 0.950418
736.774942 0.95445
737.143421 0.952078
737.512085 0.954865
737.880933 0.955054
738.249966 0.95586
738.619183 0.953768
738.988585 0.956465
739.358172 0.954138
739.727943 0.955266
740.0979 0.956285
740.468041 0.956755
740.838368 0.956663
741.20888 0.956229
741.579577 0.956905
741.950459 0.957199
742.321527 0.956954
742.692781 0.956811
743.06422 0.957458
743.435845 0.957518
743.807656 0.957532
744.179653 0.95739
744.551836 0.957642
744.924205 0.957736
745.29676 0.957692
745.669502 0.957767
746.04243 0.957816
746.415544 0.957932
746.788845 0.957963
747.162333 0.958002
747.536007 0.958116
747.909869 0.958152
748.283917 0.958244
748.658153 0.95833
749.032576 0.9584
749.407186 0.958495
749.781983 0.958587
750.156968 0.958693
750.53214 0.958776
750.9075 0.9589
751.283047 0.959005
751.658783 0.959096
752.034706 0.959198
752.410818 0.959309
752.787117 0.959414
753.163605 0.959513
753.540281 0.959617
753.917145 0.959712
754.294198 0.959803
754.671439 0.959901
755.048869 0.959989
755.426488 0.96008
755.804296 0.960167
756.182292 0.960249
756.560478 0.960334
756.938853 0.960414
757.317417 0.96049
757.69617 0.960562
758.075113 0.960636
758.454246 0.96066
758.833567 0.960376
759.213079 0.958568
759.592781 0.714989
759.972672 0.447875
760.352753 0.339329
760.733025 0.267597
761.113486 0.357143
761.494138 0.551465
761.874981 0.718134
762.256013 0.783861
762.637237 0.58994
763.018651 0.552064
763.400255 0.544246
763.782051 0.555812
764.164037 0.588956
764.546215 0.696089
764.928584 0.75883
765.311143 0.758323
765.693895 0.729689
766.076837 0.79518
766.459972 0.934116
766.843297 0.827481
767.226815 0.863973
767.610524 0.958518
767.994425 0.894521
768.378519 0.939261
768.762804 0.939336
769.147282 0.933455
769.531951 0.960184
769.916814 0.946392
770.301868 0.958147
770.687115 0.958562
771.072555 0.960902
771.458188 0.960445
771.844014 0.960952
772.230032 0.961028
772.616244 0.961169
773.002648 0.962039
773.389246 0.961984
773.776038 0.961768
774.163022 0.962
774.550201 0.962195
774.937573 0.962567
775.325138 0.962361
775.712898 0.96247
776.100851 0.962639
776.488999 0.962595
776.87734 0.962663
777.265876 0.962727
777.654606 0.962737
778.043531 0.962797
778.43265 0.962833
778.821963 0.962878
779.211472 0.962914
779.601175 0.962965
779.991073 0.963041
780.381166 0.963068
780.771454 0.963177
781.161937 0.963232
781.552616 0.963314
781.94349 0.963364
782.33456 0.963413
782.725825 0.963525
783.117285 0.963603
783.508942 0.963671
783.900794 0.963743
784.292843 0.963676
784.685087 0.963676
785.077528 0.963939
785.470165 0.963959
785.862998 0.963936
786.256028 0.964015
786.649254 0.962854
787.042677 0.963498
787.436297 0.963681
787.830114 0.962567
788.224127 0.963094
788.618338 0.964044
789.012745 0.962313
789.40735 0.960979
789.802153 0.960623
790.197153 0.96254
790.59235 0.96238
790.987745 0.961317
791.383338 0.963675
791.779128 0.96286
792.175117 0.961912
792.571304 0.963374
792.967688 0.961779
793.364271 0.96446
793.761053 0.965403
794.158032 0.965409
794.555211 0.964956
794.952588 0.964692
795.350163 0.964693
795.747938 0.964768
796.145911 0.960441
796.544084 0.960184
796.942455 0.96396
797.341026 0.964191
797.739796 0.964801
798.138766 0.964925
798.537935 0.964012
798.937304 0.964854
799.336873 0.965194
799.736641 0.965122
800.136609 0.961577
800.536778 0.965279
800.937146 0.962111
801.337715 0.963588
801.738484 0.964568
802.139453 0.964499
802.540623 0.963187
802.941994 0.963305
803.343565 0.965897
803.745338 0.962874
804.147311 0.965418
804.549485 0.963658
804.95186 0.964985
805.354437 0.966061
805.757215 0.96618
806.160194 0.966007
806.563375 0.965402
806.966757 0.966579
807.370342 0.965521
807.774128 0.966111
808.178116 0.965779
808.582306 0.964638
808.986698 0.966474
809.391293 0.965609
809.79609 0.963659
810.201089 0.964991
810.606291 0.965414
811.011695 0.963291
811.417302 0.960826
811.823112 0.96543
812.229126 0.961596
812.635342 0.960275
813.041761 0.962494
813.448383 0.946224
813.855209 0.953335
814.262239 0.944601
814.669472 0.955171
815.076908 0.937363
815.484549 0.941126
815.892393 0.940282
816.300441 0.919967
816.708693 0.929333
817.11715 0.922052
817.52581 0.963785
817.934676 0.905486
818.343745 0.945358
818.753019 0.95226
819.162498 0.934429
819.572182 0.943566
819.98207 0.934682
820.392164 0.953123
820.802463 0.96637
821.212966 0.963043
821.623676 0.960095
822.03459 0.955121
822.44571 0.951204
822.857036 0.891272
823.268567 0.896921
823.680305 0.94937
824.092248 0.958505
824.504397 0.946248
824.916752 0.967456
825.329314 0.96256
825.742081 0.945436
826.155056 0.956956
826.568237 0.960149
826.981624 0.967671
827.395218 0.957577
827.809019 0.933154
828.223027 0.94435
828.637242 0.957846
829.051664 0.933109
829.466294 0.95372
829.881131 0.960331
830.296175 0.95657
830.711427 0.943507
831.126887 0.967677
831.542554 0.959953
831.958429 0.950234
832.374512 0.943262
832.790804 0.96813
833.207303 0.960742
833.624011 0.960275
834.040927 0.957573
834.458052 0.966832
834.875385 0.969197
835.292927 0.965724
835.710678 0.965492
836.128638 0.96435
836.546807 0.965414
836.965185 0.966636
837.383772 0.968861
837.802569 0.964376
838.221575 0.969689
838.64079 0.967268
839.060216 0.969055
839.479851 0.969301
839.899696 0.968968
840.31975 0.969784
840.740015 0.968705
841.16049 0.967746
841.581176 0.969302
842.002072 0.969011
842.423178 0.970638
842.844495 0.970334
843.266023 0.969567
843.687761 0.969363
844.10971 0.970034
844.531871 0.970073
844.954242 0.970713
845.376825 0.970508
845.799619 0.970917
846.222625 0.970215
846.645842 0.970818
847.06927 0.970947
847.492911 0.970914
847.916763 0.970767
848.340828 0.970439
848.765104 0.97061
849.189593 0.970956
849.614294 0.970659
850.039207 0.970628
850.464333 0.970901
850.889672 0.970751
851.315223 0.969684
851.740987 0.970815
852.166964 0.970443
852.593154 0.970939
853.019557 0.970928
853.446174 0.971155
853.873003 0.970719
854.300047 0.970446
854.727303 0.971179
855.154774 0.97132
855.582458 0.970994
856.010356 0.971322
856.438469 0.971465
856.866795 0.971667
857.295335 0.971293
857.72409 0.971396
858.15306 0.971741
858.582243 0.971841
859.011642 0.971875
859.441255 0.97167
859.871083 0.972022
860.301126 0.972078
860.731384 0.972119
861.161858 0.972098
861.592546 0.972238
862.02345 0.972256
862.45457 0.972296
862.885905 0.972245
863.317456 0.972403
863.749222 0.972481
864.181205 0.972588
864.613403 0.972659
865.045818 0.972695
865.478449 0.9727
865.911297 0.972782
866.344361 0.972787
866.777641 0.972829
867.211138 0.972892
867.644852 0.972946
868.078783 0.973038
868.512931 0.97308
868.947296 0.973073
869.381879 0.973096
869.816678 0.973215
870.251695 0.973238
870.68693 0.973276
871.122382 0.973306
871.558052 0.973364
871.99394 0.973408
872.430046 0.973453
872.86637 0.973495
873.302913 0.973527
873.739673 0.973531
874.176652 0.973604
874.61385 0.973627
875.051266 0.973643
875.488901 0.973713
875.926755 0.97369
876.364828 0.97374
876.80312 0.973787
877.241631 0.973802
877.680362 0.973866
878.119312 0.973775
878.558481 0.973854
878.99787 0.973878
879.437479 0.973939
879.877308 0.974028
880.317356 0.973905
880.757625 0.973811
881.198114 0.973851
881.638823 0.974051
882.079753 0.973592
882.520903 0.974089
882.962274 0.974223
883.403865 0.973879
883.845678 0.973962
884.287711 0.974167
884.729965 0.974147
885.172441 0.974291
885.615138 0.974044
886.058056 0.972538
886.501196 0.974423
886.944557 0.973569
887.388141 0.974349
887.831946 0.974415
888.275973 0.972262
888.720222 0.974523
889.164693 0.97455
889.609386 0.974268
890.054302 0.9737
890.499441 0.973951
890.944802 0.974025
891.390386 0.974371
891.836192 0.972607
892.282222 0.973848
892.728474 0.973982
893.17495 0.967357
893.621649 0.968898
894.068572 0.971562
894.515718 0.96932
894.963088 0.962189
895.410681 0.964102
895.858498 0.948008
896.30654 0.94736
896.754805 0.931506
897.203295 0.939539
897.652008 0.949862
898.100947 0.934333
898.550109 0.969693
898.999497 0.882787
899.449109 0.890779
899.898946 0.973549
900.349008 0.914904
900.799295 0.914875
901.249807 0.937055
901.700545 0.933129
902.151508 0.942574
902.602696 0.929336
903.054111 0.934084
903.50575 0.959283
903.957616 0.973229
904.409708 0.954482
904.862026 0.971193
905.31457 0.965727
905.767341 0.960902
906.220338 0.957585
906.673561 0.953806
907.127011 0.93365
907.580688 0.913596
908.034592 0.940874
908.488723 0.945087
908.943081 0.918189
909.397666 0.948876
909.852478 0.95541
910.307518 0.922132
910.762786 0.934629
911.218281 0.954693
911.674004 0.967953
912.129955 0.912963
912.586134 0.967767
913.042541 0.943124
913.499177 0.922549
913.956041 0.903658
914.413133 0.964672
914.870454 0.965563
915.328003 0.93134
915.785782 0.895951
916.243789 0.958507
916.702026 0.967168
917.160491 0.954393
917.619186 0.904564
918.07811 0.949368
918.537264 0.939145
918.996648 0.971925
919.456261 0.962499
919.916104 0.944474
920.376177 0.974063
920.83648 0.963278
921.297014 0.970427
921.757777 0.946807
922.218771 0.968046
922.679996 0.96314
923.141451 0.967267
923.603138 0.961796
924.065055 0.958567
924.527203 0.960696
924.989582 0.96042
925.452192 0.960983
925.915034 0.970741
926.378107 0.952663
926.841412 0.972457
927.304949 0.966935
927.768717 0.956317
928.232718 0.920545
928.69695 0.927334
929.161415 0.942773
929.626111 0.919353
930.091041 0.896189
930.556203 0.885325
931.021597 0.806924
931.487224 0.939734
931.953084 0.676542
932.419177 0.865671
932.885503 0.714525
933.352063 0.89005
933.818856 0.710314
934.285882 0.738956
934.753142 0.56869
935.220635 0.938652
935.688362 0.695124
936.156323 0.687103
936.624519 0.865352
937.092948 0.740692
937.561612 0.759486
938.03051 0.78159
938.499642 0.77698
938.969009 0.804506
939.438611 0.943052
939.908448 0.94245
940.37852 0.859955
940.848826 0.920773
941.319368 0.83629
941.790146 0.897824
942.261159 0.859703
942.732407 0.838758
943.203891 0.702538
943.675611 0.960014
944.147567 0.650595
944.619759 0.794895
945.092187 0.892311
945.564851 0.857892
946.037751 0.781775
946.510889 0.805194
946.984262 0.833623
947.457873 0.926253
947.93172 0.870648
948.405805 0.698368
948.880126 0.92671
949.354685 0.943398
949.829481 0.716235
950.304514 0.710981
950.779785 0.944286
951.255294 0.951091
951.731041 0.858693
952.207025 0.835157
952.683248 0.784213
953.159709 0.863894
953.636408 0.892778
954.113345 0.910541
954.590521 0.793984
955.067936 0.912373
955.545589 0.848907
956.023481 0.857625
956.501612 0.899795
956.979983 0.808014
957.458592 0.92489
957.937441 0.955286
958.41653 0.832839
958.895858 0.917934
959.375426 0.810871
959.855234 0.905337
960.335281 0.933799
960.815569 0.878133
961.296097 0.9308
961.776865 0.921518
962.257874 0.877996
962.739123 0.878526
963.220613 0.958217
963.702344 0.937777
964.184315 0.883132
964.666528 0.897246
965.148982 0.944948
965.631677 0.944305
966.114613 0.941265
966.597792 0.891234
967.081211 0.935869
967.564873 0.960232
968.048776 0.969374
968.532922 0.934966
969.017309 0.970038
969.501939 0.964884
969.986811 0.969918
970.471926 0.945194
970.957283 0.966338
971.442883 0.976036
971.928726 0.945787
972.414812 0.959798
972.901141 0.959088
973.387713 0.96743
973.874529 0.918411
974.361588 0.966544
974.84889 0.942304
975.336437 0.94202
975.824227 0.91628
976.312261 0.953797
976.800539 0.952999
977.289061 0.974261
977.777828 0.960405
978.266839 0.949741
978.756095 0.958688
979.245595 0.959508
979.735341 0.95188
980.225331 0.947809
980.715566 0.969227
981.206046 0.977314
981.696772 0.969344
982.187743 0.975042
982.67896 0.95644
983.170422 0.977433
983.66213 0.971024
984.154084 0.978186
984.646285 0.970643
985.138731 0.968967
985.631423 0.97857
986.124362 0.978415
986.617548 0.979033
987.11098 0.976477
987.604659 0.975275
988.098585 0.978661
988.592757 0.979791
989.087177 0.979708
989.581845 0.979091
990.076759 0.976726
990.571921 0.979259
991.067331 0.97914
991.562989 0.979856
992.058894 0.979614
992.555048 0.97996
993.051449 0.977339
993.548099 0.979834
994.044997 0.980086
994.542144 0.9801
995.03954 0.980425
995.537184 0.980116
996.035077 0.980035
996.533219 0.98049
997.03161 0.980026
997.530251 0.980571
998.02914 0.98005
998.52828 0.980317
999.027669 0.980408
999.527307 0.979924
1000.0272 0.979992
1000.52733 0.980758
1001.02772 0.980801
1001.52836 0.980162
1002.02925 0.977979
1002.53039 0.979557
1003.03178 0.980791
1003.53342 0.980889
1004.03532 0.979951
1004.53746 0.98035
1005.03985 0.980707
1005.5425 0.980195
1006.0454 0.980755
1006.54854 0.980744
1007.05194 0.980676
1007.5556 0.980918
1008.0595 0.980119
1008.56366 0.980822
1009.06806 0.979897
1009.57272 0.978908
1010.07764 0.980273
1010.5828 0.981103
1011.08822 0.980918
1011.59389 0.980895
1012.09981 0.980272
1012.60599 0.981197
1013.11242 0.980937
1013.6191 0.981308
1014.12604 0.981153
1014.63323 0.980593
1015.14067 0.981357
1015.64837 0.98066
1016.15632 0.981393
1016.66453 0.981159
1017.17298 0.981234
1017.6817 0.980975
1018.19067 0.981458
1018.69989 0.981334
1019.20937 0.979922
1019.7191 0.981465
1020.22909 0.981325
1020.73933 0.981375
1021.24982 0.98144
1021.76058 0.980926
1022.27159 0.981583
1022.78285 0.980873
1023.29437 0.981422
1023.80614 0.979694
1024.31817 0.981618
1024.83046 0.981631
1025.34301 0.981474
1025.8558 0.981355
1026.36886 0.981421
1026.88217 0.981699
1027.39574 0.980733
1027.90957 0.981647
1028.42365 0.981331
1028.93799 0.981581
1029.45259 0.981634
1029.96745 0.981626
1030.48256 0.981761
1030.99793 0.981678
1031.51356 0.981537
1032.02944 0.98177
1032.54559 0.981798
1033.06199 0.981802
1033.57865 0.98161
1034.09557 0.98181
1034.61274 0.981798
1035.13018 0.981815
1035.64787 0.981798
1036.16583 0.981746
1036.68404 0.981614
1037.20251 0.981546
1037.72124 0.981649
1038.24023 0.981771
1038.75948 0.981675
1039.27899 0.981693
1039.79876 0.981674
1040.31879 0.981664
1040.83908 0.981688
1041.35963 0.981649
1041.88044 0.981686
1042.40151 0.981644
1042.92284 0.981659
1043.44443 0.981634
1043.96629 0.981604
1044.4884 0.981576
1045.01077 0.981523
1045.53341 0.981458
1046.05631 0.981433
1046.57947 0.981385
1047.10289 0.981328
1047.62657 0.981259
1048.15051 0.981198
1048.67472 0.981119
1049.19919 0.98037
1049.72392 0.980279
1050.24891 0.980523
1050.77417 0.980617
1051.29969 0.980313
1051.82547 0.980133
1052.35151 0.979963
1052.87782 0.979786
1053.40439 0.979629
1053.93122 0.979416
1054.45832 0.979172
1054.98568 0.978906
1055.51331 0.978589
1056.0412 0.978212
1056.56935 0.977849
1057.09777 0.977404
1057.62645 0.977008
1058.15539 0.976556
1058.6846 0.976196
1059.21408 0.975766
1059.74382 0.975597
1060.27382 0.975286
1060.80409 0.975218
1061.33462 0.974891
1061.86542 0.974853
1062.39649 0.974344
1062.92782 0.974116
1063.45942 0.973694
1063.99128 0.973437
1064.52341 0.97295
1065.0558 0.972937
1065.58846 0.972891
1066.12139 0.972745
1066.65459 0.973102
1067.18805 0.973343
1067.72177 0.972483
1068.25577 0.973564
1068.79003 0.974994
1069.32456 0.974964
1069.85935 0.976291
1070.39442 0.976508
1070.92975 0.97754
1071.46535 0.978223
1072.00121 0.978219
1072.53735 0.978025
1073.07375 0.97927
1073.61042 0.98021
1074.14736 0.980487
1074.68457 0.976677
1075.22205 0.981111
1075.75979 0.981326
1076.29781 0.98111
1076.83609 0.981914
1077.37464 0.976293
1077.91347 0.982179
1078.45256 0.981152
1078.99192 0.982564
1079.53155 0.982014
1080.07145 0.977091
1080.61162 0.981735
1081.15206 0.978876
1081.69277 0.981582
1082.23375 0.982799
1082.77501 0.983109
1083.31653 0.977106
1083.85832 0.979935
1084.40039 0.980858
1084.94272 0.983313
1085.48533 0.981633
1086.02821 0.971384
1086.57136 0.975669
1087.11478 0.97961
1087.65847 0.982186
1088.20244 0.983527
1088.74668 0.981448
1089.29118 0.976088
1089.83597 0.983553
1090.38102 0.971983
1090.92635 0.981068
1091.47195 0.983437
1092.01782 0.983278
1092.56397 0.959926
1093.11038 0.979841
1093.65708 0.979534
1094.20404 0.982692
1094.75128 0.969003
1095.29879 0.982315
1095.84658 0.968088
1096.39464 0.97603
1096.94297 0.984035
1097.49158 0.978367
1098.04046 0.967863
1098.58962 0.978351
1099.13905 0.973085
1099.68876 0.952489
1100.23874 0.979188
1100.789 0.96428
1101.33953 0.975532
1101.89034 0.957667
1102.44142 0.965354
1102.99278 0.966296
1103.54442 0.970977
1104.09633 0.965195
1104.64851 0.955452
1105.20097 0.978253
1105.75371 0.958328
1106.30673 0.943199
1106.86002 0.966149
1107.41359 0.975416
1107.96743 0.94821
1108.52156 0.931926
1109.07596 0.970363
1109.63063 0.953103
1110.18559 0.977093
1110.74082 0.892839
1111.29633 0.883118
1111.85211 0.974102
1112.40818 0.945438
1112.96452 0.888871
1113.52114 0.842182
1114.07804 0.909825
1114.63522 0.952653
1115.19268 0.779289
1115.75041 0.887047
1116.30843 0.734508
1116.86672 0.721189
1117.4253 0.741711
1117.98415 0.946769
1118.54328 0.81973
1119.10269 0.667097
1119.66238 0.837426
1120.22235 0.665563
1120.7826 0.93027
1121.34314 0.788851
1121.90395 0.680286
1122.46504 0.619511
1123.02641 0.772826
1123.58807 0.590643
1124.15 0.874858
1124.71222 0.903453
1125.27471 0.628801
1125.83749 0.65445
1126.40055 0.741226
1126.96389 0.886829
1127.52752 0.747277
1128.09142 0.740632
1128.65561 0.796669
1129.22008 0.750023
1129.78483 0.681214
1130.34986 0.806596
1130.91518 0.932091
1131.48078 0.907809
1132.04666 0.932768
1132.61282 0.838163
1133.17927 0.809869
1133.746 0.695661
1134.31302 0.564872
1134.88031 0.307716
1135.4479 0.755425
1136.01576 0.660407
1136.58391 0.932096
1137.15235 0.956
1137.72106 0.827807
1138.29007 0.814767
1138.85935 0.924932
1139.42893 0.967539
1139.99878 0.800577
1140.56893 0.934981
1141.13935 0.80967
1141.71007 0.836822
1142.28106 0.869888
1142.85235 0.919719
1143.42392 0.963337
1143.99577 0.794393
1144.56791 0.741001
1145.14034 0.793435
1145.71305 0.73323
1146.28605 0.870364
1146.85934 0.669697
1147.43291 0.695466
1148.00677 0.958197
1148.58092 0.853319
1149.15535 0.899239
1149.73007 0.69096
1150.30508 0.884439
1150.88038 0.874781
1151.45596 0.867249
1152.03183 0.829797
1152.60799 0.700252
1153.18444 0.962298
1153.76118 0.84755
1154.3382 0.819619
1154.91552 0.913918
1155.49312 0.868911
1156.07101 0.904645
1156.64919 0.904936
1157.22766 0.927738
1157.80642 0.862182
1158.38547 0.952041
1158.9648 0.886675
1159.54443 0.927378
1160.12435 0.908857
1160.70455 0.92097
1161.28505 0.942719
1161.86584 0.964864
1162.44692 0.916777
1163.02829 0.979214
1163.60995 0.942381
1164.1919 0.974461
1164.77414 0.962885
1165.35667 0.953856
1165.9395 0.930405
1166.52261 0.953507
1167.10602 0.966705
1167.68972 0.966107
1168.27371 0.962275
1168.85799 0.9772
1169.44257 0.964072
1170.02743 0.975655
1170.61259 0.968203
1171.19805 0.967486
1171.78379 0.975565
1172.36983 0.965996
1172.95616 0.967689
1173.54279 0.971306
1174.1297 0.914183
1174.71692 0.981586
1175.30442 0.9577
1175.89222 0.983793
1176.48031 0.982223
1177.0687 0.98383
1177.65738 0.9199
1178.24636 0.967307
1178.83563 0.983954
1179.42519 0.958337
1180.01505 0.973131
1180.60521 0.980666
1181.19566 0.970847
1181.7864 0.91896
1182.37745 0.942402
1182.96878 0.977412
1183.56041 0.980909
1184.15234 0.950151
1184.74457 0.960217
1185.33709 0.967945
1185.9299 0.980543
1186.52302 0.977816
1187.11643 0.976286
1187.71013 0.94303
1188.30414 0.934189
1188.89844 0.982558
1189.49304 0.969418
1190.08793 0.972633
1190.68312 0.975953
1191.27861 0.97668
1191.8744 0.975107
1192.47049 0.984342
1193.06687 0.981708
1193.66356 0.960095
1194.26054 0.981867
1194.85782 0.973922
1195.45539 0.975434
1196.05327 0.976065
1196.65145 0.980008
1197.24992 0.982021
1197.8487 0.966638
1198.44777 0.97842
1199.04715 0.945542
1199.64682 0.979621
1200.24679 0.975604
1200.84707 0.974193
1201.44764 0.977291
1202.04851 0.96172
1202.64969 0.980315
1203.25116 0.971488
1203.85294 0.911958
1204.45502 0.970603
1205.05739 0.954112
1205.66007 0.982945
1206.26305 0.973123
1206.86634 0.972506
1207.46992 0.968606
1208.07381 0.965139
1208.67799 0.978079
1209.28248 0.96216
1209.88728 0.970723
1210.49237 0.983522
1211.09777 0.964649
1211.70347 0.975686
1212.30947 0.973833
1212.91578 0.98168
1213.52239 0.983484
1214.1293 0.970907
1214.73652 0.972741
1215.34404 0.977521
1215.95186 0.985236
1216.55999 0.977486
1217.16842 0.982239
1217.77716 0.98126
1218.3862 0.973244
1218.99554 0.971681
1219.60519 0.973336
1220.21515 0.977999
1220.82541 0.983719
1221.43598 0.976766
1222.04685 0.974311
1222.65802 0.974186
1223.2695 0.979331
1223.88129 0.97545
1224.49339 0.980217
1225.10579 0.980845
1225.71849 0.981665
1226.3315 0.981873
1226.94482 0.974858
1227.55845 0.981289
1228.17238 0.983252
1228.78662 0.982438
1229.40117 0.980888
1230.01602 0.982714
1230.63118 0.98358
1231.24665 0.983456
1231.86243 0.983164
1232.47852 0.982987
1233.09491 0.980549
1233.71161 0.98276
1234.32862 0.983254
1234.94594 0.982936
1235.56357 0.982733
1236.1815 0.983202
1236.79975 0.981784
1237.4183 0.982667
1238.03717 0.982486
1238.65634 0.982264
1239.27582 0.982427
1239.89562 0.982247
1240.51572 0.981407
1241.13613 0.981566
1241.75686 0.981626
1242.37789 0.981399
1242.99923 0.981212
1243.62089 0.980944
1244.24285 0.980506
1244.86513 0.980556
1245.48772 0.979893
1246.11062 0.97992
1246.73383 0.978873
1247.35735 0.979282
1247.98119 0.977101
1248.60533 0.97847
1249.22979 0.978095
1249.85456 0.974859
1250.47965 0.977107
1251.10504 0.971758
1251.73075 0.975962
1252.35677 0.968031
1252.98311 0.974515
1253.60976 0.97401
1254.23672 0.962143
1254.86399 0.972481
1255.49158 0.966871
1256.11949 0.960184
1256.7477 0.969612
1257.37623 0.949786
1258.00508 0.966387
1258.63424 0.963936
1259.26371 0.938044
1259.8935 0.951617
1260.52361 0.923317
1261.15403 0.942922
1261.78476 0.932959
1262.41581 0.895571
1263.04718 0.907565
1263.67886 0.92507
1264.31086 0.870325
1264.94317 0.889221
1265.5758 0.922828
1266.20875 0.892847
1266.84201 0.894785
1267.47559 0.905591
1268.10948 0.901425
1268.7437 0.691195
1269.37823 0.820717
1270.01307 0.908758
1270.64824 0.925326
1271.28372 0.940917
1271.91952 0.916385
1272.55564 0.931498
1273.19208 0.944147
1273.82883 0.924293
1274.46591 0.957453
1275.1033 0.933068
1275.74101 0.955351
1276.37904 0.947317
1277.01739 0.959948
1277.65606 0.964666
1278.29505 0.951162
1278.93435 0.976025
1279.57398 0.967038
1280.21393 0.968011
1280.8542 0.972913
1281.49478 0.979723
1282.13569 0.977374
1282.77692 0.97445
1283.41847 0.979838
1284.06034 0.981496
1284.70253 0.975763
1285.34504 0.982817
1285.98787 0.983112
1286.63103 0.979796
1287.2745 0.982189
1287.9183 0.982331
1288.56242 0.979092
1289.20686 0.979406
1289.85163 0.983801
1290.49672 0.984102
1291.14213 0.983946
1291.78786 0.977848
1292.43391 0.981586
1293.08029 0.984797
1293.72699 0.983964
1294.37402 0.984292
1295.02137 0.983798
1295.66904 0.974581
1296.31704 0.983842
1296.96536 0.980163
1297.614 0.970737
1298.26297 0.983308
1298.91227 0.987121
1299.56188 0.970256
1300.21183 0.974665
1300.8621 0.966694
1301.51269 0.985958
1302.16361 0.981527
1302.81485 0.974952
1303.46642 0.968989
1304.11832 0.941981
1304.77054 0.977378
1305.42309 0.978629
1306.07597 0.985884
1306.72917 0.938304
1307.38269 0.97375
1308.03655 0.945872
1308.69073 0.984119
1309.34524 0.971091
1310.00008 0.938538
1310.65524 0.941489
1311.31073 0.982678
1311.96655 0.968938
1312.6227 0.969229
1313.27917 0.95347
1313.93598 0.901544
1314.59311 0.949998
1315.25057 0.955379
1315.90836 0.956936
1316.56648 0.983592
1317.22493 0.927832
1317.8837 0.983986
1318.54281 0.901971
1319.20225 0.940097
1319.86201 0.910166
1320.52211 0.946358
1321.18254 0.928474
1321.84329 0.971251
1322.50438 0.959273
1323.1658 0.888007
1323.82754 0.926585
1324.48962 0.957076
1325.15203 0.964669
1325.81478 0.955691
1326.47785 0.966266
1327.14125 0.917812
1327.80499 0.948205
1328.46906 0.885629
1329.13346 0.848131
1329.79819 0.950974
1330.46326 0.908454
1331.12866 0.821319
1331.79439 0.84154
1332.46045 0.85968
1333.12685 0.944321
1333.79358 0.814004
1334.46064 0.94958
1335.12804 0.903326
1335.79577 0.80952
1336.46383 0.961484
1337.13223 0.877157
1337.80097 0.808538
1338.47003 0.92343
1339.13944 0.887775
1339.80917 0.937464
1340.47925 0.754255
1341.14965 0.908298
1341.82039 0.861952
1342.49147 0.918252
1343.16289 0.904566
1343.83464 0.750767
1344.50672 0.665672
1345.17914 0.869571
1345.8519 0.777104
1346.52499 0.716354
1347.19843 0.85269
1347.87219 0.373207
1348.5463 0.528758
1349.22074 0.704343
1349.89552 0.73243
1350.57063 0.351909
1351.24609 0.560144
1351.92188 0.522341
1352.59801 0.519408
1353.27448 0.385432
1353.95129 0.393093
1354.62843 0.135177
1355.30591 0.312978
1355.98374 0.181805
1356.6619 0.518088
1357.3404 0.2176
1358.01924 0.264454
1358.69842 0.234394
1359.37794 0.138161
1360.0578 0.237691
1360.73799 0.152619
1361.41853 0.0757821
1362.09941 0.0152037
1362.78063 0.0973402
1363.46219 0.406792
1364.1441 0.167217
1364.82634 0.0427456
1365.50892 0.112963
1366.19185 0.423059
1366.87511 0.204209
1367.55872 0.113184
1368.24267 0.065004
1368.92696 0.173457
1369.6116 0.298023
1370.29658 0.213683
1370.9819 0.061741
1371.66756 0.228584
1372.35356 0.153566
1373.03991 0.271234
1373.7266 0.337796
1374.41364 0.350318
1375.10102 0.336407
1375.78874 0.392431
1376.47681 0.384944
1377.16522 0.202957
1377.85397 0.649583
1378.54307 0.171553
1379.23251 0.389046
1379.9223 0.383714
1380.61244 0.0345244
1381.30292 0.252816
1381.99374 0.171031
1382.68491 0.000640957
1383.37642 0.166966
1384.06829 0.209852
1384.76049 0.180732
1385.45305 0.198738
1386.14595 0.22724
1386.83919 0.429412
1387.53279 0.380277
1388.22673 0.0349228
1388.92101 0.534531
1389.61565 0.493123
1390.31063 0.562295
1391.00596 0.416326
1391.70163 0.506573
1392.39766 0.0129711
1393.09403 0.467559
1393.79075 0.419447
1394.48782 0.318741
1395.18524 0.0500407
1395.88301 0.153922
1396.58112 0.108938
1397.27959 0.435449
1397.9784 0.607623
1398.67757 0.620581
1399.37708 0.268943
1400.07694 0.161588
1400.77716 0.075881
1401.47772 0.092887
1402.17864 0.622429
1402.8799 0.479728
1403.58152 0.569683
1404.28348 0.177752
1404.9858 0.0941068
1405.68847 0.519517
1406.39149 0.551626
1407.09486 0.0611814
1407.79858 0.530759
1408.50266 0.543446
1409.20709 0.113321
1409.91187 0.315985
1410.617 0.555221
1411.32248 0.408405
1412.02832 0.501473
1412.73451 0.683598
1413.44105 0.53825
1414.14795 0.358082
1414.8552 0.244113
1415.56281 0.447546
1416.27077 0.783733
1416.97908 0.650482
1417.68774 0.540686
1418.39677 0.605108
1419.10614 0.17829
1419.81587 0.368411
1420.52596 0.514475
1421.2364 0.651084
1421.94719 0.736935
1422.65835 0.668963
1423.36985 0.467199
1424.08172 0.426672
1424.79393 0.779108
1425.50651 0.522376
1426.21944 0.687665
1426.93273 0.750978
1427.64637 0.539177
1428.36038 0.461167
1429.07473 0.645807
1429.78945 0.657517
1430.50452 0.94333
1431.21995 0.452253
1431.93574 0.409465
1432.65189 0.341322
1433.3684 0.765605
1434.08526 0.515734
1434.80248 0.685329
1435.52006 0.718523
1436.238 0.550157
1436.9563 0.656331
1437.67496 0.307848
1438.39397 0.729147
1439.11335 0.718492
1439.83309 0.573037
1440.55318 0.738779
1441.27364 0.540129
1441.99446 0.763267
1442.71564 0.544473
1443.43717 0.845893
1444.15907 0.70621
1444.88133 0.823882
1445.60395 0.242172
1446.32694 0.760781
1447.05028 0.645521
1447.77399 0.913545
1448.49806 0.786982
1449.22249 0.891638
1449.94728 0.632126
1450.67243 0.386196
1451.39795 0.674643
1452.12383 0.688558
1452.85007 0.785088
1453.57668 0.935219
1454.30365 0.871978
1455.03098 0.714089
1455.75868 0.860063
1456.48674 0.895877
1457.21517 0.856205
1457.94396 0.822679
1458.67311 0.928873
1459.40263 0.935815
1460.13252 0.702113
1460.86276 0.897815
1461.59338 0.768505
1462.32436 0.921366
1463.0557 0.63652
1463.78741 0.882311
1464.51949 0.97068
1465.25193 0.625774
1465.98474 0.808197
1466.71792 0.609733
1467.45146 0.78954
1468.18537 0.839151
1468.91965 0.880297
1469.65429 0.652584
1470.3893 0.670818
1471.12468 0.58574
1471.86042 0.844811
1472.59654 0.583376
1473.33302 0.81337
1474.06987 0.798988
1474.80709 0.952619
1475.54468 0.791379
1476.28264 0.84449
1477.02096 0.722356
1477.75966 0.708596
1478.49872 0.895047
1479.23816 0.75055
1479.97796 0.833557
1480.71813 0.701903
1481.45868 0.795671
1482.19959 0.817157
1482.94088 0.916314
1483.68253 0.943494
1484.42456 0.76642
1485.16696 0.902236
1485.90973 0.867894
1486.65287 0.776293
1487.39638 0.853478
1488.14026 0.815467
1488.88452 0.952117
1489.62915 0.836996
1490.37415 0.978062
1491.11952 0.883639
1491.86527 0.89528
1492.61139 0.92576
1493.35788 0.96528
1494.10475 0.93126
1494.85199 0.914103
1495.5996 0.918061
1496.34759 0.898444
1497.09595 0.98483
1497.84468 0.910233
1498.59379 0.970658
1499.34328 0.951494
1500.09313 0.975195
1500.84337 0.975995
1501.59398 0.949368
1502.34496 0.983558
1503.09632 0.942434
1503.84806 0.900936
1504.60017 0.916295
1505.35266 0.978982
1506.10552 0.98055
1506.85876 0.987843
1507.61238 0.972377
1508.36638 0.940775
1509.12075 0.934365
1509.8755 0.98287
1510.63062 0.980948
1511.38613 0.982697
1512.14201 0.978191
1512.89827 0.973461
1513.65491 0.967117
1514.41193 0.979402
1515.16932 0.982009
1515.92709 0.977313
1516.68525 0.974633
1517.44378 0.971635
1518.20269 0.983975
1518.96198 0.970219
1519.72165 0.984068
1520.4817 0.983734
1521.24214 0.990777
1522.00295 0.984242
1522.76414 0.99088
1523.52571 0.987891
1524.28766 0.983864
1525.05 0.987329
1525.81271 0.984344
1526.57581 0.982273
1527.33929 0.985043
1528.10315 0.989842
1528.86739 0.986287
1529.63202 0.986827
1530.39703 0.986674
1531.16242 0.983229
1531.92819 0.988009
1532.69434 0.987078
1533.46088 0.983537
1534.2278 0.982933
1534.99511 0.980768
1535.7628 0.980254
1536.53087 0.985494
1537.29933 0.986998
1538.06817 0.990428
1538.8374 0.986325
1539.60701 0.984773
1540.37701 0.984709
1541.14739 0.984583
1541.91815 0.983733
1542.68931 0.986369
1543.46084 0.988409
1544.23277 0.987098
1545.00508 0.990746
1545.77777 0.99003
1546.55085 0.990417
1547.32432 0.99116
1548.09818 0.991313
1548.87242 0.991555
1549.64705 0.991377
1550.42207 0.991587
1551.19747 0.991184
1551.97327 0.990309
1552.74945 0.991653
1553.52601 0.991754
1554.30297 0.9911
1555.08032 0.991742
1555.85805 0.991924
1556.63618 0.991801
1557.41469 0.991853
1558.19359 0.99181
1558.97288 0.991608
1559.75256 0.991696
1560.53263 0.991699
1561.3131 0.991905
1562.09395 0.991021
1562.87519 0.991504
1563.65682 0.991754
1564.43885 0.991355
1565.22126 0.991875
1566.00407 0.991352
1566.78727 0.990899
1567.57086 0.988828
1568.35484 0.985354
1569.13921 0.97217
1569.92398 0.95837
1570.70913 0.949582
1571.49469 0.930667
1572.28063 0.919139
1573.06697 0.932973
1573.8537 0.947076
1574.64082 0.963755
1575.42834 0.978345
1576.21625 0.958873
1577.00455 0.94687
1577.79325 0.961027
1578.58235 0.942095
1579.37184 0.944679
1580.16172 0.95315
1580.952 0.973491
1581.74267 0.966296
1582.53374 0.981702
1583.3252 0.978081
1584.11707 0.98724
1584.90932 0.986389
1585.70197 0.990391
1586.49502 0.989546
1587.28847 0.990819
1588.08231 0.991621
1588.87655 0.991809
1589.67119 0.992034
1590.46622 0.991634
1591.26166 0.992066
1592.05749 0.991542
1592.85371 0.991865
1593.65034 0.992207
1594.44736 0.991321
1595.24479 0.99201
1596.04261 0.991407
1596.84083 0.990706
1597.63945 0.989312
1598.43847 0.983544
1599.23789 0.975113
1600.03771 0.958819
1600.83793 0.951492
1601.63854 0.931155
1602.43956 0.936759
1603.24098 0.916008
1604.04281 0.946721
1604.84503 0.964746
1605.64765 0.986666
1606.45067 0.971197
1607.2541 0.952457
1608.05793 0.942098
1608.86216 0.940099
1609.66679 0.946783
1610.47183 0.962091
1611.27726 0.953403
1612.0831 0.974296
1612.88935 0.9694
1613.69599 0.981092
1614.50304 0.982336
1615.3105 0.986655
1616.11835 0.985412
1616.92661 0.98807
1617.73528 0.988287
1618.54435 0.989371
1619.35382 0.990231
1620.1637 0.9912
1620.97399 0.990632
1621.78468 0.99123
1622.59577 0.991266
1623.40727 0.991308
1624.21918 0.990803
1625.03149 0.991809
1625.84421 0.98994
1626.65734 0.991907
1627.47087 0.990198
1628.28481 0.988316
1629.09915 0.990634
1629.91391 0.991824
1630.72907 0.984563
1631.54464 0.991036
1632.36061 0.989476
1633.177 0.983991
1633.99379 0.990168
1634.81099 0.990333
1635.6286 0.979228
1636.44662 0.989254
1637.26505 0.985752
1638.08388 0.976389
1638.90313 0.988129
1639.72279 0.986269
1640.54285 0.962784
1641.36333 0.985961
1642.18422 0.985403
1643.00551 0.956155
1643.82722 0.986021
1644.64934 0.988286
1645.47187 0.952547
1646.29481 0.989006
1647.11817 0.988803
1647.94193 0.96089
1648.76611 0.981783
1649.5907 0.98279
1650.4157 0.984241
1651.24111 0.955553
1652.06694 0.9885
1652.89318 0.989777
1653.71983 0.963623
1654.5469 0.990583
1655.37438 0.987331
1656.20228 0.976784
1657.03058 0.989592
1657.85931 0.991529
1658.68844 0.991301
1659.51799 0.985274
1660.34796 0.992185
1661.17834 0.990344
1662.00914 0.984397
1662.84035 0.991148
1663.67198 0.990448
1664.50402 0.99218
1665.33648 0.92983
1666.16936 0.920325
1667.00265 0.969214
1667.83636 0.988252
1668.67049 0.988025
1669.50503 0.990289
1670.34 0.990613
1671.17537 0.986799
1672.01117 0.991639
1672.84739 0.992125
1673.68402 0.99155
1674.52107 0.978823
1675.35854 0.990728
1676.19643 0.992362
1677.03474 0.990514
1677.87346 0.974942
1678.71261 0.991134
1679.55218 0.992169
1680.39216 0.982072
1681.23257 0.987664
1682.07339 0.992241
1682.91464 0.992122
1683.75631 0.969464
1684.5984 0.991245
1685.44091 0.991391
1686.28384 0.991826
1687.12719 0.976481
1687.97097 0.991462
1688.81516 0.991205
1689.65978 0.990594
1690.50482 0.974627
1691.35029 0.984848
1692.19617 0.987836
1693.04248 0.991804
1693.88922 0.981212
1694.73637 0.988419
1695.58395 0.992477
1696.43196 0.985511
1697.28038 0.972214
1698.12924 0.990683
1698.97851 0.991314
1699.82821 0.983853
1700.67834 0.97871
1701.52889 0.989129
1702.37987 0.984728
1703.23127 0.983296
1704.0831 0.98731
1704.93536 0.984573
1705.78804 0.982542
1706.64114 0.978603
1707.49468 0.979809
1708.34864 0.965764
1709.20303 0.976773
1710.05784 0.988108
1710.91308 0.984651
1711.76876 0.990154
1712.62485 0.989323
1713.48138 0.986526
1714.33833 0.962414
1715.19572 0.989415
1716.05353 0.976013
1716.91177 0.990477
1717.77044 0.991354
1718.62954 0.990605
1719.48907 0.991702
1720.34903 0.986936
1721.20942 0.944923
1722.07024 0.986396
1722.93149 0.984825
1723.79317 0.961647
1724.65528 0.953703
1725.51783 0.987839
1726.3808 0.978309
1727.24421 0.982719
1728.10805 0.982368
1728.97232 0.973705
1729.83702 0.99026
1730.70215 0.983794
1731.56772 0.978012
1732.43372 0.917907
1733.30016 0.990957
1734.16702 0.989026
1735.03432 0.987394
1735.90206 0.951709
1736.77022 0.958271
1737.63883 0.989777
1738.50786 0.987016
1739.37733 0.982898
1740.24724 0.971793
1741.11758 0.934346
1741.98836 0.974134
1742.85957 0.990735
1743.73122 0.991486
1744.6033 0.944547
1745.47582 0.991204
1746.34878 0.921447
1747.22217 0.895656
1748.096 0.990435
1748.97027 0.989296
1749.84497 0.990068
1750.72011 0.988778
1751.59569 0.920564
1752.47171 0.988021
1753.34816 0.991686
1754.22506 0.989817
1755.10239 0.913966
1755.98016 0.987814
1756.85837 0.93848
1757.73702 0.923083
1758.6161 0.99052
1759.49563 0.99223
1760.3756 0.98894
1761.25601 0.942994
1762.13686 0.956956
1763.01815 0.945245
1763.89987 0.989232
1764.78205 0.987068
1765.66466 0.740562
1766.54771 0.971148
1767.4312 0.982683
1768.31514 0.973616
1769.19952 0.974392
1770.08434 0.956274
1770.9696 0.923423
1771.85531 0.986801
1772.74146 0.974219
1773.62805 0.92133
1774.51509 0.931217
1775.40257 0.953032
1776.29049 0.860602
1777.17886 0.973695
1778.06767 0.93223
1778.95693 0.810964
1779.84663 0.978689
1780.73677 0.93798
1781.62736 0.79731
1782.5184 0.979524
1783.40988 0.966137
1784.30181 0.846658
1785.19418 0.769805
1786.087 0.810427
1786.98027 0.846652
1787.87398 0.959228
1788.76814 0.918056
1789.66275 0.982734
1790.55781 0.808353
1791.45331 0.875846
1792.34926 0.779949
1793.24566 0.820797
1794.14251 0.774712
1795.0398 0.816961
1795.93755 0.824872
1796.83574 0.755441
1797.73438 0.851513
1798.63347 0.948402
1799.53302 0.753615
1800.43301 0.598947
1801.33345 0.421652
1802.23434 0.635411
1803.13568 0.664294
1804.03748 0.759382
1804.93972 0.877135
1805.84242 0.465337
1806.74556 0.547408
1807.64916 0.573384
1808.55321 0.788774
1809.45772 0.785414
1810.36267 0.58503
1811.26808 0.438039
1812.17394 0.555301
1813.08025 0.382709
1813.98702 0.761879
1814.89424 0.645345
1815.80191 0.313137
1816.71004 0.479298
1817.61862 0.763607
1818.52766 0.367106
1819.43715 0.680844
1820.3471 0.0935812
1821.2575 0.26434
1822.16835 0.227302
1823.07967 0.540006
1823.99143 0.856082
1824.90366 0.632643
1825.81634 0.392287
1826.72947 0.222983
1827.64307 0.61556
1828.55712 0.131269
1829.47163 0.386581
1830.38659 0.231879
1831.30201 0.133995
1832.21789 0.405099
1833.13423 0.284508
1834.05103 0.46476
1834.96828 0.0732901
1835.88599 0.102402
1836.80417 0.141227
1837.7228 0.0108834
1838.64189 0.260365
1839.56144 0.160214
1840.48145 0.102382
1841.40192 0.126971
1842.32285 0.00814028
1843.24424 0.32515
1844.1661 0.391321
1845.08841 0.628477
1846.01119 0.306176
1846.93442 0.00518531
1847.85812 0.018025
1848.78228 0.0531154
1849.7069 0.290175
1850.63199 0.123766
1851.55753 0.51769
1852.48355 0.347924
1853.41002 0.0419942
1854.33696 0.0923296
1855.26436 0.369829
1856.19222 0.200595
1857.12055 0.0402646
1858.04934 0.403692
1858.9786 0.31782
1859.90832 0.0122997
1860.83851 0.0535482
1861.76916 0.53118
1862.70027 0.395481
1863.63186 0.397713
1864.56391 0.0990503
1865.49642 0.383202
1866.4294 0.552091
1867.36285 0.0937553
1868.29677 0.0694478
1869.23115 0.112954
1870.166 0.0413099
1871.10131 0.00124222
1872.0371 0.138699
1872.97335 0.0302612
1873.91007 0.027822
1874.84726 0.154911
1875.78492 0.109772
1876.72305 0.0936121
1877.66164 0.221298
1878.60071 0.409421
1879.54024 0.516392
1880.48025 0.347824
1881.42072 0.177273
1882.36167 0.61231
1883.30309 0.498657
1884.24497 0.0760742
1885.18733 0.428969
1886.13016 0.50678
1887.07346 0.26788
1888.01723 0.729455
1888.96148 0.644723
1889.9062 0.129298
1890.85138 0.310642
1891.79705 0.241627
1892.74318 0.206978
1893.68979 0.207494
1894.63687 0.490178
1895.58443 0.6663
1896.53246 0.569941
1897.48096 0.304611
1898.42994 0.229056
1899.37939 0.0181986
1900.32932 0.0258737
1901.27972 0.279909
1902.2306 0.388236
1903.18195 0.0630217
1904.13378 0.415215
1905.08608 0.0539269
1906.03886 0.0569973
1906.99212 0.0703188
1907.94586 0.589962
1908.90007 0.376309
1909.85476 0.550223
1910.80992 0.245237
1911.76557 0.0765657
1912.72169 0.309665
1913.67829 0.0192077
1914.63537 0.170609
1915.59292 0.510888
1916.55096 0.101494
1917.50948 0.581529
1918.46847 0.762473
1919.42794 0.300488
1920.3879 0.0244044
1921.34833 0.169962
1922.30925 0.727167
1923.27064 0.691008
1924.23252 0.067078
1925.19487 0.717513
1926.15771 0.656792
1927.12103 0.182096
1928.08483 0.411067
1929.04912 0.423594
1930.01388 0.460703
1930.97913 0.315016
1931.94486 0.505961
1932.91108 0.628243
1933.87777 0.436173
1934.84495 0.742395
1935.81262 0.710834
1936.78077 0.459306
1937.7494 0.504326
1938.71852 0.506535
1939.68812 0.308795
1940.6582 0.622806
1941.62878 0.480349
1942.59983 0.872084
1943.57138 0.657351
1944.5434 0.432233
1945.51592 0.687431
1946.48892 0.731542
1947.46241 0.591354
1948.43638 0.552031
1949.41084 0.630043
1950.38579 0.628741
1951.36123 0.681319
1952.33715 0.606014
1953.31357 0.452158
1954.29047 0.461111
1955.26786 0.443096
1956.24574 0.391763
1957.2241 0.524467
1958.20296 0.426422
1959.18231 0.383661
1960.16214 0.743153
1961.14247 0.63821
1962.12329 0.725463
1963.10459 0.464575
1964.08639 0.602415
1965.06868 0.574762
1966.05146 0.70173
1967.03473 0.62844
1968.01849 0.72416
1969.00275 0.674939
1969.9875 0.816128
1970.97274 0.774188
1971.95847 0.629951
1972.94469 0.883514
1973.93141 0.774883
1974.91863 0.873579
1975.90633 0.877823
1976.89453 0.953625
1977.88323 0.932757
1978.87242 0.942065
1979.8621 0.753175
1980.85228 0.861891
1981.84295 0.975099
1982.83412 0.927278
1983.82579 0.984359
1984.81795 0.936665
1985.8106 0.981648
1986.80376 0.806183
1987.79741 0.966961
1988.79156 0.979034
1989.7862 0.864639
1990.78134 0.917366
1991.77698 0.980846
1992.77312 0.980702
1993.76975 0.917107
1994.76689 0.945064
1995.76452 0.890425
1996.76265 0.785246
1997.76128 0.694761
1998.76041 0.629928
1999.76004 0.498851
2000.76017 0.438224
2001.7608 0.399755
2002.76194 0.309475
2003.76357 0.318389
2004.7657 0.305022
2005.76833 0.305479
2006.77147 0.458871
2007.7751 0.437434
2008.77924 0.667514
2009.78388 0.486984
2010.78903 0.494986
2011.79467 0.381705
2012.80082 0.495056
2013.80747 0.42167
2014.81463 0.44554
2015.82229 0.542384
2016.83045 0.44226
2017.83912 0.486233
2018.84829 0.601772
2019.85797 0.649781
2020.86815 0.584482
2021.87884 0.662839
2022.89003 0.770436
2023.90173 0.78663
2024.91393 0.815811
2025.92664 0.853087
2026.93986 0.880978
2027.95358 0.863048
2028.96781 0.887452
2029.98255 0.931206
2030.99779 0.940207
2032.01355 0.951824
2033.02981 0.931371
2034.04658 0.955003
2035.06385 0.959295
2036.08164 0.952594
2037.09993 0.958164
2038.11874 0.952285
2039.13805 0.953649
2040.15788 0.914989
2041.17821 0.932789
2042.19906 0.937321
2043.22041 0.943706
2044.24228 0.930732
2045.26465 0.948687
2046.28754 0.937495
2047.31094 0.904081
2048.33485 0.840252
2049.35928 0.822362
2050.38421 0.77977